[261.58392, 90.39008, 232.86908, 93.248024, -1, -1, 254.89717, 85.63382, -1, -1, 242.49696, 249.21432, 228.11566, 218.59464, 0, 0, 1, 0, 0, 0, 0, 0, 0, 0, 1, 0, 1, 0, 0, 0, 1, 0, 0, 0, 0, 0, 0, 0, 0, 0, 0, 0, 0, 0, 0, 0, 6]
[84.662735, 149.72215, -1, -1, 117.19167, 136.30833, -1, -1, 87.49029, 141.1171, 94.24228, 203.24763, 13.914348, 256.8503, 0, 0, 0, 0, 0, 0, 0, 1, 0, 0, 0, 0, 0, 0, 0, 0, 0, 0, 0, 0, 0, 0, 0, 0, 0, 0, 0, 0, 0, 0, 0, 0, 8]
[302.74933, 86.58399, 276.87845, 85.59591, -1, -1, 296.9908, 79.88646, 302.68863, 79.892265, 255.86829, 241.4773, -1, -1, 0, 0, 0, 1, 0, 0, 1, 0, 0, 0, 1, 0, 0, 0, 0, 0, 1, 0, 0, 0, 0, 0, 0, 0, 0, 0, 0, 0, 0, 0, 0, 0, 6]
[175.50781, 187.03505, 126.76988, 154.48204, -1, -1, 162.12221, 172.65689, 186.96823, 176.48196, 181.28355, 340.04208, 210.93837, 280.7535, 0, 0, 0, 0, 0, 0, 0, 1, 0, 0, 0, 0, 0, 0, 0, 0, 0, 0, 0, 0, 0, 0, 1, 0, 0, 0, 0, 0, 1, 1, 0, 0, 11]
[281.6712, 139.18475, 274.0529, 133.45682, 250.14688, 134.38408, 282.64157, 133.42076, -1, -1, 286.46777, 267.33807, -1, -1, 0, 0, 0, 0, 0, 0, 0, 0, 0, 0, 0, 0, 1, 0, 0, 0, 0, 0, 0, 0, 0, 0, 0, 0, 0, 0, 0, 0, 0, 0, 0, 0, 12]
[161.19121, 126.76569, 105.6956, 89.45166, -1, -1, 154.47415, 108.57056, 164.02419, 112.4248, 226.19652, 285.49783, 186.9833, 243.41411, 0, 0, 0, 0, 0, 0, 0, 0, 0, 1, 0, 0, 0, 1, 0, 0, 0, 0, 0, 0, 0, 1, 0, 0, 0, 0, 0, 1, 0, 0, 0, 0, 9]
[181.25836, 126.71343, 173.6289, 120.99409, 149.66484, 120.06644, 181.29115, 121.96684, -1, -1, 194.68134, 257.79935, -1, -1, 0, 0, 0, 0, 0, 0, 0, 0, 0, 0, 0, 0, 0, 0, 0, 0, 0, 0, 0, 0, 0, 0, 0, 0, 0, 0, 0, 0, 0, 0, 1, 0, 12]
[233.84, 103.754265, 207.0822, 108.54898, -1, -1, 226.19963, 98.99481, 231.95993, 97.09461, 233.85399, 219.5491, 233.84915, 204.2155, 0, 0, 0, 0, 0, 0, 0, 0, 1, 0, 0, 0, 0, 0, 0, 0, 0, 0, 0, 0, 0, 0, 0, 0, 1, 0, 0, 0, 0, 0, 0, 0, 7]
[88.49526, 196.55894, 35.904797, 208.95857, -1, -1, 76.05741, 189.88254, 86.52433, 187.93913, 81.79156, 310.35577, 96.10592, 259.6763, 0, 0, 0, 0, 0, 0, 0, 0, 0, 0, 0, 0, 0, 0, 0, 0, 0, 0, 0, 0, 0, 0, 0, 0, 0, 0, 0, 0, 0, 0, 0, 0, 7]
[268.28598, 17.725008, 242.48103, 9.072554, -1, -1, 265.42914, 10.0174, -1, -1, 94.20203, 223.33698, 96.136955, 157.34247, 0, 0, 0, 1, 0, 0, 0, 0, 0, 0, 0, 0, 0, 0, 0, 0, 0, 0, 0, 0, 0, 0, 0, 0, 0, 0, 0, 0, 0, 0, 0, 0, 7]
[111.46094, 93.26995, 32.058296, 119.106705, -1, -1, 85.61737, 87.56317, 101.857506, 74.134964, 264.49115, 140.14658, 246.2988, 106.665436, 0, 0, 0, 0, 0, 0, 0, 0, 0, 0, 0, 0, 0, 0, 0, 0, 0, 0, 0, 0, 0, 0, 0, 0, 0, 0, 0, 0, 0, 0, 0, 0, 1]
[274.0391, 116.20557, -1, -1, 326.6282, 90.41391, 271.14148, 102.78364, 286.42944, 102.79341, 178.37497, 232.9421, 274.03333, 264.4571, 0, 0, 0, 0, 0, 0, 0, 0, 0, 0, 0, 0, 0, 0, 0, 0, 0, 0, 0, 0, 0, 0, 0, 0, 0, 0, 0, 0, 0, 0, 0, 0, 9]
[236.73114, 187.00012, 173.6279, 159.26685, -1, -1, 225.2511, 170.7073, 240.56679, 171.71829, -1, -1, 294.1095, 294.09753, 0, 0, 0, 0, 0, 0, 0, 0, 0, 0, 0, 0, 0, 0, 0, 0, 0, 0, 0, 0, 0, 0, 0, 0, 0, 0, 0, 0, 0, 0, 0, 0, 14]
[288.36374, 126.7782, 281.68698, 125.81675, 256.85226, 127.70447, 288.39413, 122.89979, -1, -1, 287.45615, 257.76907, -1, -1, 0, 0, 0, 0, 0, 0, 0, 0, 1, 0, 0, 0, 1, 0, 0, 1, 0, 0, 0, 0, 0, 0, 0, 0, 1, 0, 0, 0, 0, 0, 0, 0, 6]
[179.37605, 133.46794, -1, -1, 186.0476, 126.77356, -1, -1, 180.2988, 129.60342, 171.69075, 160.22725, 182.22081, 164.0135, 0, 0, 0, 0, 0, 0, 0, 0, 0, 0, 0, 0, 1, 0, 0, 0, 0, 0, 0, 0, 0, 0, 0, 0, 0, 0, 0, 0, 0, 0, 0, 0, 2]
[171.64166, 66.52127, 119.09185, 50.287853, -1, -1, 158.3196, 56.88579, 171.68758, 56.882153, 254.90097, 171.72801, 195.64906, 157.37474, 0, 0, 0, 0, 0, 0, 0, 0, 0, 0, 1, 0, 0, 0, 0, 0, 0, 0, 0, 0, 0, 0, 0, 0, 0, 0, 0, 0, 0, 0, 0, 0, 3]
[115.25586, 80.84271, 78.90539, 77.95573, -1, -1, 105.69769, 73.19581, 112.43089, 73.19622, 46.40119, 273.09528, 91.35297, 218.52147, 0, 0, 0, 0, 0, 0, 0, 0, 0, 0, 0, 0, 0, 0, 0, 0, 0, 0, 0, 0, 0, 0, 0, 0, 0, 0, 0, 0, 0, 0, 0, 0, 6]
[364.91934, 155.44174, 364.89542, 150.67334, 372.5686, 156.41321, 364.89307, 150.68823, 369.68646, 154.4788, -1, -1, 370.66107, 164.99934, 0, 0, 0, 0, 0, 0, 0, 0, 0, 0, 0, 0, 0, 0, 0, 0, 0, 0, 0, 0, 0, 0, 0, 0, 0, 0, 0, 0, 0, 0, 0, 0, 13]
[198.48805, 66.48413, 165.99239, 42.551186, -1, -1, 192.74573, 57.864338, 204.19849, 58.820976, 178.40161, 145.85532, 207.09015, 143.00989, 0, 0, 0, 0, 0, 0, 0, 0, 0, 0, 0, 0, 0, 0, 0, 0, 0, 0, 0, 0, 0, 0, 0, 0, 0, 0, 0, 0, 0, 0, 0, 0, 3]
[192.75359, 87.571846, 148.73029, 57.896545, -1, -1, 188.01013, 70.31002, 194.61874, 73.23809, 277.83557, 200.38371, 210.9095, 176.46634, 0, 0, 0, 0, 0, 0, 0, 1, 0, 0, 0, 0, 0, 0, 0, 0, 0, 0, 0, 0, 0, 0, 0, 0, 0, 0, 0, 0, 0, 0, 1, 0, 3]
[266.3813, 226.18791, 247.24489, 231.93246, -1, -1, 262.54498, 220.46739, -1, -1, 224.27812, 349.60956, 241.49657, 333.36295, 0, 0, 0, 0, 0, 0, 0, 0, 0, 0, 1, 0, 2, 0, 0, 0, 0, 0, 0, 0, 0, 0, 0, 0, 0, 0, 0, 0, 0, 0, 0, 0, 13]
[356.32684, 180.28654, -1, -1, 418.47095, 158.30003, 355.27866, 164.97986, 369.65445, 164.97496, 264.47818, 249.17433, 296.9882, 316.08905, 0, 0, 0, 0, 0, 0, 0, 0, 0, 0, 0, 0, 0, 0, 0, 0, 0, 0, 0, 0, 0, 0, 0, 0, 0, 0, 0, 0, 0, 0, 0, 0, 9]
[169.78253, 202.25162, 134.39304, 202.2642, -1, -1, 164.07686, 190.82822, -1, -1, 272.11774, 277.84198, 209.01538, 254.90536, 0, 0, 0, 0, 0, 0, 0, 0, 0, 0, 0, 0, 0, 1, 0, 0, 0, 0, 0, 0, 0, 0, 0, 0, 0, 0, 0, 0, 0, 0, 0, 0, 9]
[406.9765, 172.63217, -1, -1, 440.48813, 148.716, 402.1601, 164.07175, 409.8477, 163.08934, 379.22592, 256.79034, 421.32474, 273.0636, 0, 0, 0, 0, 0, 0, 0, 0, 0, 0, 0, 0, 0, 0, 0, 0, 0, 0, 0, 0, 0, 0, 0, 0, 0, 0, 0, 0, 0, 0, 0, 0, 12]
[252.04173, 43.5459, 166.93034, 59.788273, -1, -1, 225.2844, 41.616238, 247.2266, 23.44134, 355.33548, 324.75354, 440.47006, 157.35811, 0, 0, 0, 0, 0, 0, 0, 0, 0, 0, 0, 0, 0, 0, 0, 0, 0, 0, 0, 0, 0, 0, 0, 0, 0, 0, 0, 0, 0, 0, 0, 0, 7]
[486.3141, 119.08493, 452.85925, 94.23086, 540.85144, 80.85135, 467.23596, 97.13457, 506.41278, 96.18817, 380.2179, 278.8061, 560.94885, 279.78696, 0, 0, 0, 0, 0, 0, 0, 0, 1, 0, 1, 0, 0, 0, 0, 0, 0, 0, 0, 0, 0, 0, 0, 0, 0, 0, 0, 0, 0, 0, 0, 0, 12]
[79.84251, 147.76962, 26.354519, 148.74237, -1, -1, 65.57912, 140.125, 79.876144, 135.38147, 95.20722, 326.6663, 117.19181, 314.19788, 0, 0, 0, 0, 0, 0, 0, 0, 0, 0, 1, 0, 0, 0, 0, 0, 0, 0, 0, 0, 0, 0, 0, 0, 0, 0, 0, 0, 0, 0, 0, 0, 6]
[72.21523, 218.60486, 29.209738, 227.1656, -1, -1, 59.817303, 215.67583, 69.36028, 210.92816, 74.154366, 298.89362, 85.604355, 257.76645, 0, 0, 0, 0, 0, 0, 0, 0, 0, 0, 0, 0, 0, 0, 0, 0, 0, 0, 0, 0, 0, 0, 0, 0, 0, 0, 0, 0, 0, 0, 0, 0, 13]
[133.41782, 119.11472, 101.853065, 97.08544, -1, -1, 125.78075, 110.455025, 140.11954, 111.4372, 89.48236, 202.33235, 170.745, 195.62811, 0, 0, 0, 0, 0, 0, 0, 0, 0, 0, 0, 0, 0, 0, 0, 0, 0, 0, 0, 0, 0, 0, 0, 0, 0, 0, 0, 0, 0, 0, 0, 0, 8]
[212.82115, 134.37971, -1, -1, 265.42703, 104.73729, 202.34013, 121.02796, 224.30684, 118.09276, 111.44869, 256.85367, 204.21295, 295.07013, 0, 0, 0, 0, 0, 0, 0, 0, 0, 0, 0, 0, 0, 0, 1, 0, 0, 0, 0, 0, 0, 0, 0, 0, 0, 0, 0, 0, 0, 0, 0, 1, 8]
[149.7302, 187.96628, 98.05263, 161.18018, -1, -1, 142.99126, 171.67807, 153.52713, 173.64229, -1, -1, 157.33896, 283.598, 0, 0, 0, 0, 0, 0, 0, 0, 0, 0, 0, 0, 0, 0, 0, 0, 0, 0, 0, 0, 0, 0, 0, 1, 0, 0, 0, 0, 0, 0, 0, 0, 11]
[159.27148, 142.07962, 126.776344, 143.01201, -1, -1, 152.58157, 135.39067, 158.29108, 135.35918, -1, -1, 158.30629, 272.1706, 0, 0, 0, 0, 0, 0, 0, 0, 0, 0, 0, 0, 1, 0, 0, 0, 0, 0, 0, 0, 0, 0, 0, 0, 0, 0, 0, 0, 0, 0, 0, 0, 6]
[225.28044, 33.0138, -1, -1, 268.29453, 2.8616953, 223.35936, 18.678946, 229.08466, 12.971165, 134.39069, 204.24683, 154.49277, 240.50987, 0, 0, 0, 0, 0, 0, 0, 0, 0, 0, 0, 0, 0, 0, 1, 0, 0, 0, 0, 0, 0, 0, 0, 0, 0, 0, 0, 0, 0, 0, 0, 0, 8]
[453.80832, 141.0578, 403.1759, 116.21367, -1, -1, 445.21738, 126.70141, 455.7185, 126.78459, 480.6187, 278.80173, 469.1476, 219.54291, 0, 0, 0, 0, 0, 0, 0, 0, 0, 0, 0, 0, 0, 0, 0, 0, 0, 0, 0, 0, 0, 0, 0, 0, 0, 0, 0, 0, 0, 0, 0, 0, 13]
[81.813614, 129.61824, 28.218855, 126.786026, -1, -1, 70.308, 120.0739, 80.82456, 119.10832, -1, -1, 113.34641, 302.69403, 0, 0, 0, 0, 0, 0, 1, 0, 0, 0, 0, 0, 1, 0, 0, 0, 0, 0, 0, 0, 0, 0, 0, 0, 0, 0, 0, 0, 0, 0, 0, 0, 6]
[298.88422, 60.749737, 261.5845, 51.17014, -1, -1, 287.4664, 52.160866, 300.82825, 50.264267, 310.34528, 148.7301, 343.8478, 130.56548, 0, 0, 0, 0, 0, 0, 0, 0, 0, 0, 0, 0, 0, 0, 0, 0, 0, 0, 0, 0, 0, 0, 0, 0, 0, 0, 0, 0, 0, 0, 1, 0, 6]
[128.6712, 99.978325, 79.85935, 61.69583, -1, -1, 118.16868, 86.54516, 135.34825, 88.44488, 149.6858, 220.46777, 173.6154, 172.67624, 0, 0, 0, 0, 0, 0, 0, 0, 0, 0, 0, 0, 0, 0, 0, 1, 0, 0, 0, 0, 0, 0, 0, 0, 0, 0, 0, 0, 0, 0, 0, 0, 9]
[279.7498, 47.369404, -1, -1, 332.40445, 25.360962, 278.8051, 33.995136, 287.389, 29.19979, 196.55992, 203.27968, 223.34886, 234.82542, 0, 0, 0, 0, 0, 0, 0, 0, 0, 0, 0, 0, 0, 0, 1, 0, 0, 0, 0, 0, 0, 0, 0, 0, 0, 0, 0, 0, 0, 0, 0, 0, 8]
[460.53235, 132.48566, 427.05316, 111.44845, -1, -1, 455.78836, 119.14626, 461.50946, 124.82944, 495.91425, 247.223, 477.75534, 203.26675, 0, 0, 0, 0, 0, 0, 0, 0, 0, 0, 0, 0, 0, 1, 0, 0, 0, 0, 0, 0, 0, 0, 0, 0, 0, 0, 0, 0, 0, 0, 0, 0, 13]
[168.8195, 52.171265, 141.11955, 42.58576, -1, -1, 164.05704, 44.49369, 170.74417, 46.40728, 96.17897, 180.33798, 118.15103, 166.91692, 0, 0, 0, 0, 0, 0, 0, 0, 0, 0, 0, 0, 0, 0, 0, 0, 0, 0, 0, 0, 0, 0, 0, 0, 0, 0, 0, 0, 0, 0, 0, 0, 12]
[177.43022, 58.865234, 150.66826, 45.451866, -1, -1, 172.672, 50.275486, 179.34131, 52.167454, 88.46201, 178.39703, 110.510574, 165.95462, 0, 0, 0, 0, 0, 0, 0, 0, 0, 0, 0, 0, 0, 0, 0, 0, 0, 0, 0, 0, 0, 0, 0, 0, 0, 0, 0, 0, 0, 0, 0, 0, 12]
[148.78194, 42.560955, 102.82624, 40.667286, -1, -1, 138.21104, 33.993668, 148.74004, 32.06496, 56.90421, 277.85666, 142.02945, 208.02283, 0, 0, 0, 0, 0, 0, 0, 0, 0, 0, 0, 0, 0, 0, 0, 0, 0, 0, 0, 0, 0, 0, 0, 0, 0, 0, 0, 0, 0, 0, 0, 0, 4]
[439.5023, 152.5722, -1, -1, 507.38583, 119.115135, 427.997, 139.17946, 452.8912, 132.47383, 260.6319, 316.08478, -1, -1, 0, 0, 0, 0, 0, 0, 0, 0, 0, 0, 0, 0, 1, 0, 0, 0, 0, 0, 0, 0, 0, 0, 0, 0, 0, 0, 0, 0, 0, 0, 0, 0, 11]
[126.77903, 87.54073, 95.219025, 88.49994, -1, -1, 119.124535, 80.81238, 125.80476, 79.91225, 110.47994, 286.45807, 157.31825, 218.55136, 0, 0, 0, 0, 0, 0, 2, 0, 0, 0, 1, 0, 0, 0, 0, 0, 0, 0, 0, 0, 0, 0, 0, 0, 0, 0, 0, 0, 0, 0, 0, 0, 6]
[366.80243, 79.83047, -1, -1, 415.58655, 29.198765, 354.38702, 65.51794, 378.2984, 59.808662, 334.27826, 275.95172, 415.58023, 253.92874, 0, 0, 0, 0, 0, 0, 0, 0, 0, 0, 0, 0, 0, 1, 0, 0, 0, 0, 0, 0, 0, 0, 0, 0, 0, 0, 0, 0, 0, 0, 0, 0, 14]
[63.587254, 126.74557, 11.991457, 127.70025, -1, -1, 50.210514, 119.09056, 61.71079, 118.110054, -1, -1, 102.8646, 288.38242, 0, 0, 0, 0, 0, 0, 1, 0, 0, 0, 0, 0, 0, 0, 0, 0, 0, 0, 0, 0, 0, 0, 0, 0, 0, 1, 0, 0, 0, 0, 0, 0, 6]
[203.23259, 144.90544, -1, -1, 260.62616, 128.66835, 203.26189, 132.46957, 213.792, 128.65672, 85.61422, 230.04724, 74.14879, 279.75958, 0, 0, 0, 0, 0, 0, 0, 0, 0, 0, 0, 0, 0, 0, 0, 0, 0, 0, 0, 0, 0, 0, 0, 0, 0, 0, 0, 0, 0, 0, 0, 0, 8]
[140.14046, 51.176205, 91.34966, 50.261345, -1, -1, 127.69786, 42.598488, 140.08904, 41.584633, 58.85024, 301.76016, 125.75488, 216.61644, 0, 0, 0, 0, 0, 0, 0, 0, 0, 0, 0, 0, 0, 0, 0, 0, 0, 0, 0, 0, 0, 0, 0, 0, 0, 0, 0, 0, 0, 0, 0, 0, 7]
[86.5445, 140.1503, 33.033134, 141.04738, -1, -1, 73.16153, 132.47064, 85.61695, 127.73659, -1, -1, 125.76174, 308.45956, 0, 0, 0, 0, 0, 0, 0, 0, 1, 0, 0, 0, 0, 0, 0, 0, 0, 0, 0, 0, 0, 0, 0, 0, 0, 0, 0, 0, 0, 0, 0, 0, 6]
[341.95514, 87.545425, 255.83673, 94.23925, -1, -1, 321.83484, 73.18799, 334.3043, 66.503044, -1, -1, 464.36328, 240.52145, 0, 0, 0, 0, 0, 0, 0, 0, 0, 0, 0, 0, 0, 0, 0, 0, 0, 0, 0, 0, 0, 0, 0, 0, 0, 0, 0, 0, 0, 0, 0, 0, 7]
[411.77118, 166.90565, -1, -1, 447.16562, 147.75774, 409.8343, 158.32468, 416.55917, 157.3961, 384.02023, 249.12991, 426.08807, 269.24298, 0, 0, 0, 1, 0, 0, 0, 0, 0, 0, 0, 0, 0, 0, 0, 0, 0, 0, 0, 0, 0, 0, 0, 0, 1, 0, 0, 0, 0, 0, 0, 0, 12]
[303.6723, 50.257847, -1, -1, 356.28134, 21.52515, 297.9233, 38.742897, 311.34674, 34.887894, 218.54395, 201.33199, 297.93216, 230.98589, 0, 0, 0, 0, 0, 0, 0, 0, 0, 0, 0, 0, 0, 0, 0, 1, 0, 0, 0, 0, 0, 0, 0, 0, 0, 0, 0, 0, 0, 0, 0, 0, 9]
[209.95706, 99.0054, 201.31236, 97.097755, 177.44026, 99.96475, 209.90717, 95.17102, -1, -1, 231.00867, 225.2635, -1, -1, 0, 0, 0, 0, 0, 0, 0, 0, 0, 1, 0, 0, 1, 0, 0, 0, 0, 0, 0, 0, 0, 0, 0, 0, 0, 0, 0, 0, 0, 0, 0, 0, 6]
[294.12527, 47.36053, 276.89444, 50.244595, 225.25183, 55.968678, 290.27454, 42.55944, -1, -1, 249.13516, 314.20358, -1, -1, 0, 0, 0, 0, 0, 0, 1, 0, 0, 0, 0, 0, 0, 0, 0, 0, 0, 0, 0, 0, 0, 0, 0, 0, 0, 0, 0, 0, 0, 0, 0, 0, 5]
[130.58359, 39.701214, 27.2782, 27.319609, -1, -1, 96.1509, 14.83212, 136.33276, 12.94894, -1, -1, 302.7436, 212.83185, 0, 0, 0, 0, 0, 0, 0, 0, 0, 0, 0, 0, 0, 0, 0, 0, 0, 0, 0, 0, 0, 0, 0, 1, 0, 0, 0, 0, 0, 0, 0, 0, 6]
[215.69194, 118.162094, 185.07803, 120.05895, -1, -1, 209.00662, 112.40665, 214.7307, 111.4651, 134.38126, 309.4259, -1, -1, 0, 0, 1, 0, 0, 0, 0, 0, 0, 0, 0, 0, 0, 0, 0, 0, 0, 0, 0, 0, 0, 0, 0, 0, 0, 0, 0, 0, 0, 0, 0, 0, 6]
[173.60616, 73.22047, -1, -1, 233.86314, 26.34209, 166.89972, 57.886475, 178.357, 50.25862, 135.33946, 200.3725, 172.65271, 253.9523, 0, 0, 0, 0, 0, 0, 0, 0, 0, 0, 0, 0, 0, 0, 0, 0, 0, 0, 0, 0, 0, 0, 0, 0, 0, 0, 0, 0, 0, 0, 0, 0, 8]
[287.45206, 130.57838, 257.78748, 140.13716, -1, -1, 281.68924, 125.8206, -1, -1, 181.27577, 349.60602, 149.7092, 295.06308, 0, 0, 0, 0, 0, 0, 0, 0, 0, 1, 0, 0, 0, 0, 0, 0, 0, 0, 0, 0, 0, 0, 0, 0, 0, 0, 0, 0, 0, 0, 0, 0, 7]
[182.20422, 65.52411, 147.75056, 48.296608, -1, -1, 176.45834, 55.94947, 186.96643, 56.96739, 187.97868, 170.75385, 208.98328, 156.3577, 0, 0, 0, 1, 0, 0, 0, 0, 0, 0, 0, 0, 1, 0, 0, 0, 0, 0, 0, 0, 0, 0, 0, 0, 0, 0, 0, 0, 0, 0, 0, 0, 3]
[107.6167, 243.44579, 61.7123, 257.78345, -1, -1, 95.17577, 241.47523, 102.869, 235.78436, -1, -1, 180.29446, 349.60834, 0, 0, 0, 0, 0, 0, 2, 0, 0, 0, 0, 0, 1, 0, 0, 0, 0, 0, 0, 0, 0, 0, 0, 0, 0, 0, 0, 0, 0, 0, 0, 0, 7]
[424.1398, 70.318504, -1, -1, 471.0486, 73.15374, -1, -1, 432.7911, 56.93664, 403.1641, 287.4532, 383.999, 310.34387, 0, 0, 0, 1, 0, 0, 0, 0, 0, 0, 0, 0, 0, 0, 0, 0, 0, 0, 0, 0, 0, 0, 1, 0, 0, 0, 0, 0, 0, 0, 0, 0, 0]
[317.08893, 180.34126, 306.55884, 175.5291, 277.836, 177.4296, 317.0788, 175.50766, -1, -1, 294.15338, 349.6076, -1, -1, 0, 0, 0, 0, 0, 0, 0, 0, 0, 0, 0, 0, 1, 0, 0, 0, 0, 0, 0, 0, 0, 0, 0, 0, 0, 0, 0, 0, 0, 0, 0, 0, 13]
[372.5422, 32.050484, 356.32162, 20.57437, 402.1849, 11.96639, 363.94238, 21.535538, 382.11237, 19.616451, 324.72556, 114.33009, 422.26132, 97.11045, 0, 0, 0, 0, 0, 0, 0, 0, 0, 0, 0, 0, 0, 0, 1, 0, 0, 0, 1, 0, 0, 0, 0, 0, 0, 0, 0, 0, 0, 0, 1, 0, 4]
[171.70381, 155.40837, 134.40958, 148.73532, -1, -1, 164.02597, 144.92639, 171.63788, 145.87709, 96.168144, 349.60684, 140.11714, 317.02222, 0, 0, 0, 0, 0, 0, 0, 0, 0, 0, 0, 0, 0, 0, 1, 0, 0, 0, 0, 0, 0, 0, 0, 0, 0, 0, 0, 0, 0, 0, 0, 0, 13]
[136.33197, 171.71346, 101.84353, 153.53775, -1, -1, 131.52138, 162.12177, 141.05603, 164.04715, 121.0286, 256.83557, 178.39247, 240.52719, 0, 0, 0, 0, 0, 0, 0, 0, 0, 0, 0, 0, 0, 0, 0, 0, 0, 0, 0, 0, 0, 0, 0, 0, 0, 0, 0, 0, 0, 0, 0, 0, 9]
[134.38687, 142.07278, 106.66956, 134.43253, -1, -1, 127.73217, 134.43684, 134.43729, 135.38792, 87.55773, 220.49576, 102.845345, 169.76509, 0, 0, 0, 0, 0, 0, 0, 0, 0, 0, 0, 0, 0, 0, 0, 0, 0, 0, 0, 0, 0, 0, 0, 0, 0, 0, 0, 0, 0, 0, 0, 0, 12]
[175.51447, 29.181677, 125.75165, 27.272312, -1, -1, 163.10178, 19.617714, 174.56133, 18.691492, 141.0719, 241.4771, 181.27298, 205.18593, 0, 0, 0, 0, 0, 0, 1, 0, 0, 0, 0, 0, 0, 0, 0, 0, 0, 0, 0, 0, 0, 0, 0, 0, 0, 0, 0, 0, 0, 0, 0, 0, 7]
[300.79065, 101.88778, -1, -1, 322.82367, 49.251442, 287.46628, 95.18614, 300.8247, 87.5359, 317.99023, 249.19608, 404.10736, 233.87074, 0, 0, 0, 0, 0, 0, 0, 0, 0, 0, 0, 0, 0, 1, 0, 0, 0, 0, 0, 0, 0, 0, 0, 0, 0, 0, 0, 0, 0, 0, 0, 0, 14]
[156.42099, 129.61781, 124.82599, 133.4836, -1, -1, 148.74911, 125.785515, 155.40321, 124.805664, 185.07115, 250.13745, 180.33174, 234.82207, 0, 0, 0, 0, 0, 0, 0, 0, 0, 0, 0, 0, 1, 0, 0, 0, 0, 0, 0, 0, 0, 0, 0, 0, 0, 0, 0, 0, 0, 0, 0, 0, 6]
[210.87372, 117.169044, -1, -1, 262.57123, 79.867355, 196.54982, 103.778175, 218.59796, 96.16635, 123.86826, 249.17702, 195.59079, 295.0964, 0, 0, 0, 0, 0, 0, 0, 0, 0, 0, 0, 0, 0, 0, 0, 0, 0, 0, 0, 0, 0, 0, 0, 0, 0, 0, 0, 0, 0, 0, 0, 0, 8]
[409.82233, 164.96591, -1, -1, 444.2714, 143.01248, 407.9129, 156.38075, 414.62845, 155.44449, 384.00958, 240.5651, 420.3734, 264.45624, 0, 0, 0, 0, 0, 0, 0, 0, 0, 0, 0, 0, 0, 0, 0, 0, 0, 0, 0, 0, 0, 0, 0, 0, 1, 0, 0, 0, 0, 0, 0, 0, 12]
[186.01779, 56.963398, 160.22163, 42.53939, -1, -1, 180.34126, 49.273983, 187.91711, 50.278908, 87.51068, 167.87384, 110.48536, 157.35507, 0, 0, 0, 0, 0, 0, 0, 0, 0, 0, 0, 0, 0, 0, 0, 0, 0, 0, 0, 0, 0, 0, 0, 0, 0, 0, 0, 0, 0, 0, 0, 0, 12]
[252.03038, 73.16146, 206.12624, 34.00911, -1, -1, 242.50157, 58.83267, 256.77725, 64.57918, 271.1762, 194.60887, 288.4067, 148.76976, 0, 0, 0, 0, 0, 0, 0, 0, 1, 0, 0, 0, 0, 0, 0, 0, 0, 0, 0, 0, 0, 0, 0, 0, 0, 0, 0, 0, 0, 0, 0, 0, 3]
[101.861244, 67.45777, 56.90608, 66.478424, -1, -1, 90.39172, 58.874287, 101.83278, 57.91549, 46.41633, 305.59076, 86.553955, 224.27731, 0, 0, 0, 0, 0, 0, 0, 0, 0, 0, 0, 0, 0, 0, 0, 0, 0, 0, 0, 0, 0, 0, 0, 0, 0, 0, 0, 0, 0, 0, 0, 0, 7]
[126.77861, 96.106575, 75.09124, 97.08612, -1, -1, 119.096924, 87.53537, 126.71818, 87.47575, 125.784996, 297.94666, 153.51846, 264.44946, 0, 0, 0, 0, 0, 0, 0, 0, 0, 0, 0, 0, 0, 0, 0, 0, 0, 0, 0, 0, 0, 0, 0, 0, 0, 0, 0, 0, 0, 0, 0, 0, 6]
[254.88419, 208.04625, -1, -1, 295.09637, 173.6224, 241.54073, 195.59544, 264.43237, 193.70189, 169.781, 311.31534, 300.78525, 332.4133, 0, 0, 0, 0, 0, 0, 0, 0, 0, 0, 0, 0, 1, 0, 0, 0, 0, 0, 0, 0, 0, 0, 0, 1, 0, 0, 0, 0, 0, 1, 0, 0, 3]
[395.4833, 185.09653, 346.71906, 148.7659, -1, -1, 386.89835, 171.6441, 402.21362, 173.59811, 408.90152, 317.10324, 420.35132, 263.4623, 0, 0, 0, 0, 0, 0, 0, 0, 0, 0, 0, 0, 0, 0, 0, 0, 0, 0, 0, 0, 0, 0, 0, 0, 0, 0, 0, 0, 0, 0, 0, 0, 14]
[470.0685, 126.746284, 431.79666, 115.27749, -1, -1, 463.38013, 118.0858, 470.10812, 118.11723, 517.9224, 217.61809, 494.97644, 188.91418, 0, 0, 0, 0, 0, 0, 0, 0, 0, 0, 0, 0, 0, 0, 0, 0, 0, 0, 0, 0, 0, 0, 0, 0, 0, 0, 0, 0, 0, 0, 0, 0, 7]
[393.62192, 33.989574, -1, -1, 432.8044, 15.807633, 386.93503, 22.51342, 405.04694, 23.470524, 340.0273, 104.741745, 413.67294, 119.08436, 0, 0, 0, 0, 0, 0, 0, 0, 0, 0, 0, 0, 0, 0, 1, 0, 0, 0, 0, 0, 0, 0, 0, 0, 0, 0, 0, 0, 0, 0, 0, 0, 6]
[289.33838, 124.820984, 196.57594, 121.006714, -1, -1, 270.19568, 103.82451, 285.4814, 102.83731, -1, -1, 399.31735, 278.81665, 0, 0, 0, 0, 0, 0, 0, 0, 0, 0, 0, 0, 0, 0, 0, 0, 0, 0, 0, 0, 0, 0, 0, 0, 0, 0, 0, 0, 0, 0, 0, 0, 7]
[417.5018, 119.112305, 386.85922, 110.4676, 331.40314, 108.57448, 416.5694, 109.540504, -1, -1, 472.00867, 239.60155, -1, -1, 0, 0, 0, 0, 0, 1, 0, 0, 0, 0, 0, 0, 0, 0, 0, 0, 0, 0, 0, 0, 1, 0, 0, 0, 0, 0, 0, 0, 0, 0, 0, 0, 12]
[58.86557, 67.45651, 2.8754115, 78.92096, -1, -1, 26.292593, 63.61462, 63.59541, 41.613228, 184.13457, 293.14355, 263.53674, 141.09717, 0, 0, 0, 0, 0, 0, 0, 0, 0, 0, 0, 0, 0, 0, 0, 0, 0, 0, 0, 0, 0, 0, 0, 0, 0, 0, 0, 0, 0, 0, 0, 0, 9]
[108.55757, 111.42614, 73.22387, 111.42912, -1, -1, 99.00009, 104.73172, 104.77238, 104.73806, 64.557106, 286.44998, 140.14029, 247.23814, 0, 0, 0, 0, 0, 0, 1, 0, 0, 0, 1, 0, 1, 0, 0, 1, 0, 0, 0, 0, 0, 0, 0, 0, 0, 0, 0, 0, 0, 0, 0, 0, 6]
[457.66656, 142.03772, 408.91547, 123.87578, -1, -1, 449.05005, 128.65921, 461.4753, 129.6232, 509.325, 271.15854, 477.7668, 216.61421, 0, 0, 0, 0, 0, 0, 0, 0, 0, 0, 0, 0, 0, 0, 0, 0, 0, 0, 0, 0, 0, 0, 0, 0, 0, 0, 0, 0, 0, 0, 0, 0, 13]
[385.89267, 208.0396, -1, -1, 448.08145, 219.52722, 386.90607, 194.62302, 406.96582, 201.31389, 245.3482, 180.29684, 216.64546, 270.18066, 0, 0, 0, 0, 0, 0, 0, 0, 0, 0, 0, 0, 0, 0, 0, 0, 0, 0, 0, 0, 0, 0, 0, 0, 0, 0, 0, 0, 0, 0, 0, 0, 9]
[407.9096, 171.69778, -1, -1, 484.40872, 164.01392, 401.23056, 150.66547, 432.8184, 155.41673, 353.38898, 340.983, -1, -1, 0, 0, 0, 0, 0, 0, 0, 0, 1, 0, 0, 0, 0, 0, 0, 0, 0, 0, 0, 0, 0, 0, 0, 0, 0, 0, 0, 0, 0, 0, 0, 0, 9]
[260.63315, 178.35944, 204.19922, 157.31697, -1, -1, 256.85226, 164.95999, 266.3758, 166.9032, -1, -1, 279.73975, 227.19081, 0, 0, 0, 0, 1, 0, 0, 0, 0, 0, 0, 0, 0, 0, 0, 0, 0, 0, 0, 0, 0, 0, 0, 0, 0, 0, 0, 0, 0, 0, 0, 0, 12]
[203.258, 98.07327, 134.38622, 88.518135, -1, -1, 186.03517, 82.73823, 203.24548, 83.7188, 284.54837, 186.97374, 320.90533, 220.4866, 0, 0, 0, 0, 0, 0, 0, 0, 0, 0, 0, 0, 0, 0, 0, 0, 0, 0, 0, 0, 0, 0, 0, 0, 0, 0, 0, 0, 0, 0, 0, 0, 6]
[449.04623, 113.36704, 418.46494, 116.20374, -1, -1, 447.1183, 104.756996, -1, -1, 523.6307, 181.29025, 468.1827, 151.62488, 0, 0, 0, 1, 0, 0, 0, 0, 0, 0, 0, 0, 0, 0, 0, 0, 0, 0, 0, 0, 0, 0, 0, 0, 0, 0, 0, 0, 0, 0, 0, 0, 7]
[532.25665, 136.31299, 493.08145, 115.283195, 568.5733, 102.83274, 515.01624, 120.98879, 546.6307, 115.259636, 438.5323, 287.40466, -1, -1, 0, 0, 0, 0, 0, 0, 0, 0, 0, 0, 0, 1, 0, 0, 0, 0, 0, 0, 0, 0, 0, 0, 0, 0, 0, 0, 0, 0, 0, 0, 0, 0, 14]
[56.874073, 58.8351, 28.254002, 54.0527, -1, -1, 50.20735, 53.084248, 56.90844, 53.093185, 17.688036, 186.98021, -1, -1, 0, 0, 1, 0, 0, 0, 0, 0, 0, 1, 0, 0, 0, 0, 0, 0, 0, 0, 0, 0, 0, 0, 0, 0, 0, 0, 0, 0, 0, 0, 1, 0, 3]
[331.37924, 120.06209, 323.74063, 119.12268, 297.94653, 119.110634, 330.474, 118.11461, -1, -1, 330.43268, 248.18013, -1, -1, 0, 0, 0, 0, 0, 0, 0, 0, 0, 0, 0, 0, 1, 1, 0, 0, 0, 0, 0, 0, 0, 0, 0, 0, 0, 0, 0, 0, 0, 0, 0, 0, 6]
[91.34261, 94.22549, 56.879448, 91.37303, -1, -1, 81.814766, 86.58195, 88.47654, 87.4827, 68.4078, 286.45523, 133.40776, 232.85579, 0, 0, 0, 0, 0, 0, 0, 0, 0, 0, 1, 0, 1, 0, 0, 1, 0, 0, 0, 0, 0, 0, 0, 0, 0, 0, 0, 0, 0, 0, 0, 0, 7]
[109.51874, 74.124596, 65.56323, 73.14588, -1, -1, 97.122086, 65.57544, 108.55682, 64.599655, 52.150192, 295.04037, 88.53094, 225.21422, 0, 0, 0, 0, 0, 0, 0, 0, 0, 0, 0, 0, 0, 0, 0, 0, 0, 0, 0, 0, 0, 0, 0, 0, 0, 0, 0, 0, 0, 0, 0, 0, 6]
[410.80978, 94.23238, -1, -1, 452.89288, 77.97474, 408.89407, 82.76626, 421.31616, 83.714935, 355.3449, 166.90761, 422.2628, 171.71974, 0, 0, 0, 0, 0, 0, 0, 0, 0, 0, 0, 0, 0, 0, 0, 0, 0, 0, 1, 0, 0, 0, 0, 0, 0, 0, 0, 0, 0, 0, 0, 0, 6]
[411.77676, 87.55994, 499.70874, 103.80228, 439.4905, 90.411, -1, -1, 417.49484, 77.95549, -1, -1, 387.8418, 349.60236, 0, 0, 0, 0, 0, 0, 0, 0, 0, 0, 0, 0, 1, 0, 0, 0, 0, 0, 0, 0, 0, 0, 0, 0, 0, 0, 0, 0, 0, 0, 0, 0, 0]
[209.92906, 172.61461, 110.45662, 201.31859, -1, -1, 175.53427, 165.01889, 201.33032, 149.67174, -1, -1, 407.91174, 269.25372, 0, 0, 0, 0, 0, 0, 0, 0, 0, 0, 0, 0, 0, 0, 0, 0, 0, 0, 0, 0, 0, 0, 1, 0, 0, 0, 0, 0, 0, 0, 0, 0, 12]
[385.87796, 217.6093, 316.11655, 194.6296, -1, -1, 372.53043, 203.22398, 386.9391, 202.28412, -1, -1, 481.5706, 318.01767, 0, 0, 0, 0, 0, 0, 0, 0, 0, 0, 0, 0, 0, 0, 0, 0, 0, 0, 0, 0, 0, 0, 0, 1, 0, 0, 0, 0, 0, 0, 0, 0, 15]
[291.2373, 128.67738, 279.78583, 135.34657, 255.84715, 140.11559, 287.44385, 126.77004, -1, -1, 310.3822, 249.17445, -1, -1, 0, 0, 0, 0, 0, 0, 0, 0, 0, 0, 0, 0, 1, 1, 0, 0, 0, 0, 0, 0, 0, 0, 0, 0, 1, 0, 0, 0, 0, 0, 0, 0, 6]
[172.65063, 51.20686, -1, -1, 224.30011, 20.571896, 163.07297, 38.74083, 181.29008, 34.905113, 90.4015, 175.51791, 188.89468, 217.57591, 0, 0, 0, 0, 0, 0, 0, 0, 0, 0, 0, 0, 0, 0, 0, 0, 0, 0, 0, 0, 0, 0, 0, 0, 0, 0, 0, 0, 0, 1, 0, 0, 8]
[362.96555, 83.70589, 309.3996, 82.77215, -1, -1, 346.73016, 74.13983, 363.93185, 70.3103, 470.10727, 202.26146, 502.6038, 172.64165, 0, 0, 0, 0, 0, 0, 0, 0, 0, 0, 0, 0, 0, 0, 0, 0, 0, 0, 0, 0, 0, 0, 0, 0, 0, 0, 0, 0, 0, 0, 0, 0, 7]
[88.496796, 232.9472, 45.444645, 244.36829, -1, -1, 77.008415, 230.02077, 85.62082, 225.27902, 99.007385, 320.8982, 103.76366, 273.08206, 0, 0, 0, 0, 0, 0, 0, 0, 0, 0, 0, 0, 0, 0, 0, 0, 0, 0, 0, 0, 0, 0, 0, 0, 0, 0, 0, 0, 0, 0, 0, 0, 13]
[95.2015, 142.98827, 34.973335, 145.8634, -1, -1, 81.79373, 134.41945, 94.20831, 133.40974, 120.070984, 342.901, 129.61566, 318.9674, 0, 0, 0, 0, 0, 0, 0, 1, 0, 0, 0, 0, 0, 0, 0, 0, 0, 0, 0, 0, 0, 0, 0, 0, 0, 1, 0, 0, 0, 0, 0, 0, 6]
[182.23169, 71.25384, 172.69138, 64.56808, 149.72002, 65.551994, 183.19247, 64.574036, -1, -1, 191.78961, 202.29451, -1, -1, 0, 0, 0, 0, 0, 0, 0, 0, 0, 1, 1, 0, 0, 0, 1, 0, 0, 0, 0, 0, 0, 0, 0, 0, 0, 0, 0, 0, 0, 0, 1, 0, 6]
[147.75905, 204.19917, 102.83684, 209.90108, -1, -1, 134.4112, 197.51424, 143.00082, 195.58849, 124.83657, 349.61005, 159.25032, 322.80045, 0, 0, 0, 0, 0, 0, 0, 0, 1, 0, 0, 0, 1, 0, 0, 0, 0, 0, 0, 0, 0, 0, 0, 0, 0, 0, 0, 0, 0, 0, 0, 0, 7]
[273.0824, 107.61483, 238.64725, 96.19089, -1, -1, 267.34256, 96.16498, -1, -1, 340.95718, 194.65758, 309.4422, 173.59567, 0, 0, 0, 0, 0, 0, 0, 1, 0, 0, 0, 0, 0, 0, 0, 0, 0, 0, 0, 0, 0, 0, 0, 0, 0, 0, 0, 0, 0, 0, 0, 0, 6]
[137.2496, 210.96205, 92.31643, 222.38477, -1, -1, 125.77656, 208.9657, 133.41821, 203.23038, -1, -1, 164.97939, 325.67676, 0, 0, 0, 0, 0, 0, 0, 0, 0, 0, 0, 0, 1, 0, 0, 0, 0, 0, 0, 0, 0, 0, 0, 0, 0, 0, 0, 0, 0, 0, 0, 0, 7]
[408.85733, 168.8343, 362.03708, 145.87512, -1, -1, 402.19, 156.40892, 409.87497, 157.39488, 454.7723, 279.74933, 431.83838, 231.0055, 0, 0, 0, 0, 0, 0, 0, 0, 0, 0, 0, 0, 0, 0, 0, 0, 0, 0, 0, 0, 0, 0, 0, 0, 0, 0, 0, 0, 0, 0, 0, 0, 12]
[223.3205, 64.61666, 192.72707, 39.727493, -1, -1, 216.6453, 55.981705, 230.99275, 56.96546, 186.99678, 148.69986, 224.27666, 156.41068, 0, 0, 0, 0, 0, 0, 0, 0, 0, 0, 0, 0, 0, 0, 0, 0, 0, 0, 0, 0, 0, 0, 0, 0, 0, 0, 0, 0, 0, 0, 0, 0, 3]
[217.64157, 124.8107, 157.38066, 88.53345, -1, -1, 205.18675, 107.61298, 225.26013, 110.496254, 274.02133, 263.4968, 232.86798, 232.90712, 0, 0, 0, 0, 0, 0, 0, 0, 0, 1, 0, 0, 0, 0, 0, 0, 0, 0, 0, 0, 0, 0, 0, 0, 0, 0, 0, 0, 0, 0, 0, 0, 9]
[131.52747, 100.92173, 85.6273, 88.466774, -1, -1, 120.063965, 87.51534, 129.60605, 87.55412, 65.53601, 340.03214, 86.56346, 296.0231, 0, 0, 0, 0, 0, 0, 0, 0, 0, 0, 0, 0, 1, 0, 0, 0, 0, 0, 0, 0, 0, 0, 0, 0, 0, 0, 0, 0, 0, 0, 0, 0, 12]
[416.57535, 181.2596, 370.60852, 157.36276, -1, -1, 408.85526, 170.69894, 423.21777, 171.68837, 443.30896, 303.6868, 434.71567, 252.98532, 0, 0, 0, 0, 0, 0, 0, 0, 0, 0, 0, 0, 0, 0, 0, 0, 0, 0, 0, 0, 0, 0, 0, 0, 0, 0, 0, 0, 0, 0, 0, 0, 12]
[236.7255, 125.75144, -1, -1, 281.67572, 92.296, 230.98262, 111.480034, 241.5054, 110.44232, 178.40086, 249.17055, 250.10684, 278.85153, 0, 0, 0, 0, 0, 0, 0, 0, 0, 0, 0, 0, 0, 0, 0, 1, 0, 0, 0, 0, 0, 0, 0, 0, 0, 0, 0, 0, 0, 0, 0, 0, 11]
[272.10455, 121.95043, 240.58382, 125.8118, -1, -1, 265.43686, 117.15332, -1, -1, 148.76349, 340.9755, 119.07348, 265.4432, 0, 0, 0, 0, 0, 0, 0, 0, 0, 0, 0, 0, 0, 0, 0, 0, 0, 0, 0, 0, 0, 0, 0, 0, 0, 0, 0, 0, 0, 0, 0, 0, 7]
[235.79399, 87.51908, 217.55077, 89.47646, -1, -1, 231.95316, 82.7544, 233.90123, 81.82585, 203.22165, 180.26894, 209.93396, 171.69185, 0, 0, 0, 1, 0, 0, 1, 0, 0, 0, 1, 0, 0, 1, 0, 0, 0, 0, 0, 0, 0, 0, 0, 0, 0, 0, 0, 0, 0, 1, 0, 0, 4]
[415.59155, 47.374126, 378.2962, 56.890465, -1, -1, 407.91077, 41.57384, 416.48648, 35.922062, 517.90247, 124.80534, 447.1023, 102.805534, 0, 0, 0, 0, 0, 0, 0, 0, 0, 0, 0, 0, 0, 0, 0, 0, 0, 0, 0, 0, 0, 0, 0, 0, 0, 0, 0, 0, 0, 0, 0, 0, 5]
[125.783356, 111.47455, 95.21375, 110.457726, -1, -1, 118.14892, 105.721596, 125.75592, 104.77049, 73.19651, 201.35309, 107.600266, 181.28687, 0, 0, 0, 0, 0, 0, 0, 0, 0, 0, 0, 0, 0, 0, 0, 0, 0, 0, 0, 0, 0, 0, 0, 0, 0, 0, 0, 0, 0, 0, 0, 0, 6]
[381.16357, 183.17464, 348.6652, 164.99516, -1, -1, 371.5934, 172.65918, 387.87564, 172.61636, 347.62802, 280.75812, 424.1754, 274.9825, 0, 0, 0, 0, 0, 0, 0, 0, 0, 0, 0, 0, 0, 0, 0, 0, 0, 0, 0, 0, 0, 0, 0, 0, 1, 0, 0, 0, 0, 0, 0, 0, 14]
[107.61708, 95.20206, 49.306313, 95.20945, -1, -1, 93.24857, 86.58689, 102.873215, 83.69028, -1, -1, 103.77989, 258.7293, 0, 0, 0, 0, 0, 0, 0, 0, 0, 0, 0, 0, 0, 0, 0, 0, 0, 0, 0, 0, 0, 0, 0, 0, 0, 0, 0, 0, 0, 0, 0, 0, 7]
[210.87872, 87.56394, 145.88524, 73.230316, -1, -1, 195.62038, 73.164185, 209.97906, 72.25471, 309.44476, 186.97112, 265.4099, 158.31342, 0, 0, 0, 0, 0, 0, 0, 0, 0, 0, 0, 0, 0, 0, 0, 0, 0, 0, 0, 0, 0, 0, 0, 0, 0, 0, 0, 0, 0, 0, 0, 0, 3]
[241.49928, 60.76389, 214.72871, 33.934002, -1, -1, 233.91002, 50.26317, 251.0622, 53.111008, 193.67566, 134.40974, 271.1468, 149.71986, 0, 0, 0, 0, 0, 0, 0, 0, 0, 0, 0, 0, 0, 0, 0, 0, 0, 0, 0, 0, 0, 0, 0, 0, 0, 0, 0, 0, 0, 0, 0, 0, 3]
[254.92195, 58.844463, 231.93933, 58.83994, -1, -1, 249.15486, 52.15427, -1, -1, 264.4758, 200.37437, 168.82101, 174.57712, 0, 0, 0, 0, 0, 0, 1, 0, 0, 0, 0, 0, 0, 1, 0, 0, 0, 0, 0, 0, 0, 0, 0, 0, 0, 0, 0, 0, 0, 0, 0, 0, 4]
[294.0811, 43.557987, 232.92885, 48.312943, -1, -1, 274.98828, 35.870842, 291.22778, 27.252525, 409.86148, 170.73647, 406.95557, 100.93763, 0, 0, 0, 0, 0, 0, 0, 0, 0, 0, 0, 0, 0, 1, 0, 0, 0, 0, 0, 0, 0, 0, 0, 0, 0, 0, 0, 0, 0, 0, 0, 0, 6]
[267.34222, 180.33049, 209.91762, 156.3935, -1, -1, 256.8254, 165.01886, 272.087, 165.98767, 338.11395, 341.0251, 314.2049, 281.67206, 0, 0, 0, 0, 0, 0, 0, 0, 0, 0, 0, 0, 0, 0, 0, 0, 0, 0, 0, 0, 0, 0, 0, 0, 0, 0, 0, 0, 0, 0, 0, 0, 14]
[448.0804, 143.03372, 399.29935, 102.82213, 483.46298, 100.9187, 428.01718, 126.75783, 470.07846, 119.11622, 362.00076, 318.04742, 547.5436, 291.24036, 0, 0, 0, 0, 0, 0, 0, 0, 1, 0, 1, 0, 0, 0, 0, 0, 0, 0, 0, 0, 0, 0, 0, 0, 0, 0, 0, 0, 0, 0, 0, 0, 14]
[523.6892, 141.12007, -1, -1, 582.0093, 145.87715, 530.3667, 127.70924, 538.99414, 132.44672, 501.6641, 338.089, -1, -1, 0, 0, 0, 0, 0, 0, 0, 0, 0, 1, 0, 0, 0, 0, 0, 0, 0, 0, 0, 0, 0, 0, 1, 0, 0, 0, 0, 0, 0, 0, 0, 0, 0]
[189.87604, 67.4714, 163.06067, 64.535614, 202.32024, 51.205948, 177.4487, 63.592323, 195.59276, 56.885685, 186.98605, 163.09836, 274.0576, 132.4863, 0, 0, 0, 0, 0, 0, 0, 0, 0, 0, 0, 0, 0, 0, 0, 0, 0, 0, 0, 0, 0, 0, 0, 0, 0, 0, 0, 0, 0, 0, 0, 0, 3]
[422.28427, 33.95018, -1, -1, 463.38336, 12.929442, 417.51624, 23.466515, 431.81284, 26.268885, 341.94226, 103.790276, 432.8082, 125.76946, 0, 0, 0, 0, 0, 0, 0, 0, 0, 0, 0, 0, 0, 0, 0, 1, 0, 0, 1, 0, 0, 0, 0, 0, 0, 0, 0, 0, 0, 0, 0, 0, 6]
[424.21957, 90.4272, 366.81296, 96.15985, -1, -1, 408.9163, 81.827774, 421.30225, 77.01672, 548.5098, 194.60356, 499.7319, 154.49762, 0, 0, 0, 0, 0, 0, 0, 0, 0, 0, 0, 0, 0, 0, 0, 0, 0, 0, 0, 0, 0, 0, 0, 0, 0, 0, 0, 0, 0, 0, 0, 0, 7]
[195.62592, 110.48959, 169.77623, 116.20099, -1, -1, 187.93921, 105.724495, 194.68637, 103.75549, 205.17712, 226.1726, 209.92638, 210.93918, 0, 0, 0, 0, 0, 0, 0, 0, 0, 0, 0, 0, 0, 0, 0, 0, 0, 0, 0, 0, 0, 0, 0, 0, 1, 0, 0, 0, 0, 0, 0, 0, 7]
[463.4385, 124.82597, 437.5621, 119.07264, -1, -1, 462.44836, 117.18334, -1, -1, 516.936, 211.88226, 492.0822, 194.65399, 0, 0, 0, 1, 0, 0, 0, 1, 0, 0, 0, 0, 0, 0, 0, 0, 0, 0, 0, 0, 0, 0, 0, 0, 0, 0, 0, 0, 0, 0, 0, 0, 7]
[415.55762, 117.17496, -1, -1, 452.87485, 96.155495, 410.79938, 108.56596, 421.32312, 105.69085, 379.22327, 193.6922, 416.56348, 212.82146, 0, 0, 0, 0, 0, 0, 1, 0, 0, 0, 0, 0, 0, 0, 0, 0, 0, 0, 0, 0, 0, 0, 0, 0, 1, 0, 0, 0, 0, 0, 0, 0, 12]
[455.76437, 99.968414, 418.448, 87.51227, 500.69275, 56.901157, 433.7418, 86.56524, 469.1245, 74.16874, 384.96332, 317.06747, 614.4834, 299.84204, 0, 0, 0, 0, 0, 0, 0, 0, 0, 0, 0, 1, 0, 0, 1, 0, 0, 0, 0, 0, 0, 0, 0, 0, 0, 0, 0, 0, 0, 0, 0, 0, 14]
[50.197598, 259.7, 2.8663025, 287.39636, -1, -1, 34.012306, 258.7181, 40.66454, 252.99129, -1, -1, 87.54839, 311.33273, 0, 0, 0, 0, 0, 0, 0, 1, 0, 0, 0, 0, 0, 0, 0, 0, 0, 0, 0, 0, 0, 0, 0, 0, 0, 0, 0, 0, 0, 0, 0, 0, 5]
[281.69678, 154.46796, 251.098, 167.85684, -1, -1, 276.88428, 149.68008, -1, -1, 99.01046, 309.4072, 100.9327, 301.78232, 0, 0, 0, 1, 0, 0, 0, 0, 0, 1, 0, 0, 0, 0, 0, 0, 0, 0, 0, 0, 0, 0, 0, 0, 0, 0, 0, 0, 0, 0, 0, 0, 7]
[150.64757, 89.4487, 115.25152, 87.543205, -1, -1, 142.05693, 81.815674, 149.71571, 80.886955, 125.75205, 290.2952, 112.38711, 216.66699, 0, 0, 0, 0, 0, 0, 0, 0, 0, 0, 0, 0, 0, 0, 0, 0, 1, 0, 0, 0, 0, 0, 0, 0, 0, 0, 0, 0, 0, 0, 0, 0, 6]
[229.09354, 135.3628, 166.9132, 111.44345, -1, -1, 213.77243, 119.14088, 233.85928, 119.08319, 270.19736, 310.36194, 308.45554, 243.44179, 0, 0, 0, 0, 0, 0, 0, 0, 0, 0, 0, 0, 0, 0, 0, 0, 0, 0, 0, 0, 0, 0, 0, 0, 0, 0, 0, 0, 0, 0, 0, 1, 12]
[385.94397, 164.96783, -1, -1, 419.42905, 133.44429, 378.3065, 156.34082, 392.63766, 153.53575, 362.95657, 260.64398, 430.8499, 262.56525, 0, 0, 0, 0, 0, 0, 0, 0, 0, 0, 0, 0, 0, 0, 0, 0, 0, 0, 0, 0, 0, 0, 0, 0, 0, 0, 0, 0, 0, 0, 0, 0, 12]
[209.96362, 88.50059, 183.17363, 74.171005, 111.428246, 55.00946, 208.96898, 80.86624, -1, -1, 278.8051, 227.1855, -1, -1, 0, 0, 0, 0, 0, 0, 0, 0, 0, 0, 0, 0, 0, 0, 0, 0, 0, 0, 0, 0, 0, 0, 0, 0, 0, 0, 0, 0, 0, 0, 0, 0, 6]
[133.47656, 131.50096, 87.501564, 90.40289, -1, -1, 123.8666, 118.09268, 142.07071, 119.06408, 136.32732, 254.8846, 173.59413, 204.23659, 0, 0, 0, 0, 0, 0, 0, 0, 0, 0, 0, 0, 0, 0, 0, 0, 0, 0, 0, 0, 0, 0, 0, 0, 0, 0, 0, 0, 0, 0, 0, 0, 9]
[234.84799, 193.70518, 194.63554, 156.34746, -1, -1, 226.2501, 179.3812, 242.46857, 184.1147, 226.22023, 313.23438, 267.32382, 266.36526, 0, 0, 0, 0, 0, 0, 0, 0, 0, 0, 0, 0, 0, 0, 0, 0, 0, 0, 0, 0, 0, 0, 0, 0, 0, 0, 0, 0, 0, 0, 0, 0, 11]
[126.78245, 158.33043, 68.40966, 131.53212, -1, -1, 118.14607, 141.09883, 131.53247, 144.93617, 194.6188, 282.64316, 157.35765, 250.13396, 0, 0, 0, 0, 0, 0, 0, 0, 0, 1, 0, 0, 0, 0, 1, 0, 0, 0, 0, 0, 0, 0, 0, 1, 0, 0, 0, 0, 0, 1, 0, 0, 9]
[164.06566, 87.565346, 138.23857, 58.84846, -1, -1, 157.35396, 77.01735, 173.60023, 79.89637, 101.892746, 164.98259, 194.6348, 170.7565, 0, 0, 0, 0, 0, 0, 0, 0, 0, 0, 0, 0, 0, 0, 0, 0, 0, 0, 0, 0, 0, 0, 0, 0, 0, 0, 0, 0, 0, 0, 0, 0, 3]
[242.46303, 64.55654, -1, -1, 320.9137, 56.89962, 248.18776, 47.341675, 262.5503, 44.506874, -1, -1, 99.01667, 209.94002, 0, 0, 0, 0, 0, 0, 0, 0, 0, 0, 0, 0, 0, 0, 0, 0, 0, 0, 0, 0, 0, 0, 0, 0, 0, 0, 0, 0, 0, 0, 0, 0, 2]
[225.29036, 125.80636, 171.64993, 126.73338, -1, -1, 213.7825, 117.19223, 224.27005, 115.27878, 242.48386, 325.66403, 251.08362, 305.6045, 0, 0, 0, 0, 0, 0, 0, 1, 0, 0, 0, 0, 0, 0, 0, 0, 0, 0, 0, 0, 0, 0, 0, 0, 0, 0, 0, 0, 0, 0, 0, 0, 7]
[227.15904, 87.51706, 180.34125, 49.29646, -1, -1, 217.58722, 73.21282, 234.81168, 77.018105, 238.64525, 208.03546, 262.55872, 164.05904, 0, 0, 0, 0, 0, 0, 0, 0, 1, 0, 0, 0, 0, 0, 0, 0, 0, 0, 0, 0, 0, 0, 0, 0, 0, 0, 0, 0, 0, 0, 0, 0, 14]
[113.36185, 33.014236, 88.50757, 27.293158, -1, -1, 109.51285, 26.329716, 112.394684, 26.361364, 74.138374, 156.40353, -1, -1, 0, 0, 0, 0, 0, 0, 0, 0, 0, 1, 0, 0, 0, 0, 0, 0, 0, 0, 0, 0, 0, 0, 0, 0, 0, 0, 0, 0, 0, 0, 1, 0, 6]
[58.83383, 193.66875, 17.70933, 195.56215, -1, -1, 49.261257, 187.01813, 57.84387, 183.15987, 60.744415, 272.09317, 66.50645, 232.86284, 0, 0, 0, 0, 0, 0, 0, 0, 0, 0, 0, 0, 0, 0, 0, 0, 0, 0, 0, 0, 0, 0, 0, 0, 0, 0, 0, 0, 0, 0, 0, 0, 13]
[251.06659, 218.58202, 203.25249, 226.20459, -1, -1, 240.58519, 211.86488, 248.19295, 209.98294, 267.32864, 349.6073, 249.1847, 280.73718, 0, 0, 0, 0, 0, 0, 0, 0, 0, 0, 0, 0, 0, 0, 0, 0, 0, 0, 0, 0, 0, 0, 0, 0, 0, 0, 0, 0, 0, 0, 0, 0, 13]
[355.3118, 91.36544, 317.10162, 86.57131, -1, -1, 342.88913, 83.714874, 356.3109, 80.84027, 363.00345, 180.30894, 424.19235, 145.87119, 0, 0, 0, 0, 0, 0, 0, 0, 0, 0, 0, 0, 0, 0, 0, 0, 0, 0, 1, 0, 0, 0, 0, 0, 1, 0, 0, 1, 0, 0, 0, 0, 6]
[202.31064, 73.15296, -1, -1, 272.16995, 57.878654, 194.6022, 53.093998, 223.33801, 56.89115, 87.49368, 203.27779, 188.91235, 239.57663, 0, 0, 0, 0, 0, 0, 0, 0, 0, 0, 0, 0, 0, 0, 0, 0, 0, 0, 0, 0, 0, 0, 0, 0, 0, 0, 0, 0, 0, 0, 0, 1, 2]
[121.97878, 156.3917, 93.24771, 148.71028, -1, -1, 117.17083, 148.74158, 122.90354, 149.66156, 27.247875, 299.84866, 71.24589, 279.7853, 0, 0, 0, 0, 0, 0, 0, 0, 0, 1, 0, 1, 0, 0, 0, 0, 0, 0, 0, 0, 0, 0, 0, 0, 0, 0, 0, 0, 0, 0, 0, 0, 12]
[418.45, 172.61813, 372.57285, 156.41649, -1, -1, 412.7226, 161.1815, 421.32413, 163.10934, 469.12427, 286.4841, 435.6756, 233.90144, 0, 0, 0, 0, 0, 0, 0, 0, 0, 0, 0, 0, 0, 0, 0, 0, 0, 0, 0, 0, 0, 0, 0, 0, 0, 0, 0, 0, 0, 0, 0, 0, 13]
[264.4974, 112.40334, 233.908, 118.10595, -1, -1, 259.69983, 106.6777, -1, -1, 119.07532, 324.71124, 88.52756, 218.56581, 0, 0, 0, 1, 0, 0, 0, 0, 0, 0, 0, 0, 0, 0, 0, 0, 0, 0, 0, 0, 0, 0, 0, 0, 0, 0, 0, 0, 0, 0, 0, 0, 7]
[501.63235, 156.36798, -1, -1, 563.8198, 123.87274, 488.28214, 137.2631, 517.90594, 134.39162, 403.15036, 297.93097, -1, -1, 0, 0, 0, 0, 0, 0, 0, 0, 0, 0, 1, 1, 0, 0, 0, 0, 0, 0, 0, 0, 0, 0, 0, 0, 0, 0, 0, 0, 0, 0, 0, 0, 12]
[541.83405, 62.63753, -1, -1, 599.20605, 60.754227, 547.5378, 48.33549, 555.23346, 49.28517, 598.25287, 296.05627, -1, -1, 0, 0, 0, 0, 0, 0, 0, 0, 0, 1, 0, 0, 0, 0, 0, 0, 0, 0, 0, 0, 0, 0, 0, 0, 0, 0, 0, 0, 1, 0, 0, 0, 2]
[132.46365, 158.32887, 86.55423, 118.14705, -1, -1, 121.0057, 145.85786, 141.08678, 149.69215, 142.07053, 279.7827, 166.91731, 233.85626, 0, 0, 0, 0, 0, 0, 0, 0, 0, 0, 0, 0, 0, 0, 0, 0, 0, 0, 0, 0, 0, 0, 0, 0, 0, 0, 0, 0, 0, 0, 0, 0, 9]
[424.2045, 263.46375, 394.52792, 243.42041, 447.1723, 240.54253, 410.81763, 250.1175, 434.70847, 248.24368, -1, -1, -1, -1, 0, 0, 0, 0, 0, 0, 0, 0, 0, 0, 0, 0, 0, 0, 1, 0, 0, 0, 0, 0, 0, 0, 0, 0, 0, 0, 0, 0, 0, 0, 0, 0, 13]
[447.09476, 186.054, 410.81396, 164.9897, 486.31613, 145.87912, 427.05673, 171.64906, 458.63257, 165.95836, 355.35004, 322.8202, -1, -1, 0, 0, 0, 0, 0, 0, 0, 0, 0, 0, 0, 1, 0, 0, 0, 0, 0, 0, 0, 0, 0, 0, 0, 0, 0, 0, 0, 0, 0, 0, 0, 0, 14]
[218.5817, 172.62946, 210.8959, 168.83243, 229.06612, 168.80891, 216.62454, 167.86304, 223.32095, 167.86989, 209.97581, 241.54228, 239.61035, 244.37656, 0, 0, 0, 0, 0, 0, 0, 0, 0, 0, 0, 0, 0, 0, 0, 0, 0, 0, 0, 0, 0, 0, 0, 0, 0, 0, 0, 0, 0, 0, 0, 0, 9]
[195.58029, 132.47144, -1, -1, 226.21898, 94.2119, -1, -1, 194.60208, 114.30608, 142.03534, 236.74806, 172.68123, 282.63904, 0, 0, 0, 0, 0, 0, 0, 0, 0, 0, 0, 0, 0, 0, 0, 0, 0, 0, 0, 0, 0, 0, 0, 0, 0, 0, 0, 0, 0, 0, 0, 1, 8]
[187.97502, 31.109764, 165.94441, 28.225842, -1, -1, 183.1924, 26.300499, -1, -1, 141.094, 143.9672, 147.77087, 124.847664, 0, 0, 0, 1, 0, 0, 0, 0, 0, 0, 0, 0, 0, 0, 0, 0, 0, 0, 0, 0, 0, 0, 0, 0, 0, 0, 0, 0, 1, 0, 0, 0, 4]
[242.467, 94.18952, 211.89734, 95.14444, -1, -1, 234.81973, 87.52115, 240.59358, 87.47633, 208.99382, 244.36969, 165.0231, 186.9629, 0, 0, 1, 0, 0, 0, 0, 0, 0, 0, 1, 0, 0, 0, 0, 0, 1, 0, 0, 0, 0, 0, 0, 0, 0, 0, 0, 0, 0, 0, 0, 0, 6]
[415.5766, 80.887146, 356.30637, 88.50328, -1, -1, 395.53076, 73.20063, 410.7806, 66.49955, 531.3216, 169.79686, 524.5975, 154.48637, 0, 0, 0, 0, 0, 0, 0, 0, 0, 0, 1, 0, 0, 0, 0, 0, 0, 0, 0, 0, 0, 0, 0, 0, 0, 0, 0, 0, 0, 0, 0, 0, 7]
[249.19798, 36.847893, -1, -1, 295.11758, 9.075326, 248.20311, 26.315462, 255.84651, 19.608896, 179.35416, 219.52846, 208.97672, 247.2327, 0, 0, 0, 0, 0, 0, 0, 0, 0, 0, 0, 0, 0, 0, 1, 0, 0, 0, 0, 0, 0, 0, 0, 0, 0, 0, 0, 0, 0, 0, 0, 0, 8]
[132.49153, 106.67368, 59.783573, 75.104385, -1, -1, 119.08182, 87.55475, 135.37346, 89.43801, -1, -1, 240.5803, 227.19183, 0, 0, 0, 0, 0, 0, 0, 0, 0, 0, 0, 0, 0, 0, 0, 0, 0, 0, 0, 0, 0, 0, 0, 0, 0, 0, 0, 0, 0, 0, 0, 0, 9]
[317.03583, 49.228046, 278.82504, 41.604404, -1, -1, 308.47958, 41.567844, 317.04208, 40.646107, 347.6832, 143.03603, 365.85065, 110.47861, 0, 0, 0, 0, 0, 0, 0, 0, 0, 0, 0, 0, 0, 0, 0, 0, 0, 0, 0, 0, 0, 0, 0, 0, 0, 0, 0, 0, 0, 0, 1, 0, 6]
[253.00555, 103.822495, 223.33, 82.7395, -1, -1, 248.19896, 94.22007, 258.73102, 96.16497, 217.63718, 181.24928, -1, -1, 0, 0, 0, 0, 0, 0, 0, 0, 0, 0, 0, 0, 0, 0, 0, 0, 0, 0, 0, 0, 0, 0, 0, 0, 0, 0, 0, 0, 0, 0, 0, 0, 3]
[464.395, 126.778946, 423.24088, 118.15974, -1, -1, 457.66885, 118.11035, 465.31183, 117.197876, 543.7407, 226.22667, 501.64722, 186.01517, 0, 0, 0, 1, 0, 0, 0, 1, 0, 0, 0, 0, 0, 0, 0, 0, 0, 0, 0, 0, 0, 0, 0, 0, 0, 0, 0, 0, 0, 0, 0, 0, 13]
[417.45914, 231.00305, 501.64023, 262.53882, 426.12094, 249.16354, -1, -1, 419.40695, 231.95879, -1, -1, 385.9455, 302.7217, 0, 0, 0, 0, 0, 0, 0, 1, 0, 0, 0, 0, 0, 0, 0, 0, 0, 0, 0, 0, 0, 0, 0, 0, 0, 0, 0, 0, 0, 0, 0, 0, 3]
[113.37052, 148.71275, 81.8101, 140.1077, -1, -1, 106.675575, 140.15495, 112.422844, 141.07622, -1, -1, 64.57453, 285.4807, 0, 0, 0, 0, 0, 0, 0, 0, 0, 1, 0, 1, 0, 0, 0, 0, 0, 0, 0, 0, 0, 0, 0, 0, 0, 0, 0, 0, 0, 0, 0, 0, 12]
[179.35788, 125.807686, -1, -1, 227.15213, 94.19885, 174.55399, 112.42062, 181.28722, 110.43396, 115.259544, 238.64609, 143.03082, 288.3758, 0, 0, 0, 0, 0, 0, 0, 0, 0, 0, 0, 0, 0, 0, 0, 0, 0, 0, 0, 0, 0, 0, 0, 0, 0, 0, 0, 0, 0, 0, 0, 1, 8]
[210.91153, 199.42589, 178.3978, 178.38655, -1, -1, 210.91669, 186.03764, -1, -1, 271.18372, 311.35703, 217.60611, 275.92923, 0, 0, 0, 0, 0, 0, 0, 0, 0, 0, 0, 0, 0, 0, 0, 1, 0, 0, 0, 0, 0, 0, 0, 0, 0, 0, 0, 0, 0, 0, 1, 0, 11]
[172.65492, 178.39394, 128.67305, 157.32014, -1, -1, 170.70688, 164.97112, -1, -1, 232.89597, 297.95782, 180.33347, 258.74408, 0, 0, 0, 0, 0, 0, 0, 0, 0, 1, 0, 0, 0, 0, 0, 0, 0, 0, 0, 0, 0, 0, 0, 0, 0, 0, 0, 0, 0, 0, 1, 0, 9]
[67.464165, 93.275154, 41.61829, 86.59149, -1, -1, 62.67568, 86.57133, 67.466866, 87.52151, 7.1756463, 209.9355, -1, -1, 0, 0, 1, 0, 0, 0, 0, 0, 0, 1, 0, 0, 0, 0, 0, 0, 0, 0, 0, 0, 0, 0, 0, 0, 0, 0, 0, 0, 0, 0, 1, 0, 3]
[214.7171, 164.01677, -1, -1, 255.81285, 156.35043, -1, -1, 219.5168, 149.73792, 142.01877, 201.32431, 131.52774, 268.28195, 0, 0, 0, 0, 0, 0, 0, 0, 0, 0, 0, 0, 0, 0, 0, 0, 0, 0, 0, 0, 0, 0, 0, 0, 0, 0, 0, 0, 0, 0, 0, 0, 8]
[142.06064, 38.7425, 40.66602, 31.117329, -1, -1, 109.52675, 15.814958, 143.9832, 12.030186, -1, -1, 317.05536, 215.69072, 0, 0, 0, 0, 0, 0, 0, 0, 0, 0, 0, 0, 0, 0, 0, 0, 0, 0, 0, 0, 0, 0, 0, 1, 0, 0, 0, 0, 0, 0, 0, 0, 6]
[113.36864, 259.68747, 72.2368, 286.48062, -1, -1, 100.92473, 258.73795, 107.621765, 252.98384, -1, -1, 142.01295, 299.84216, 0, 0, 0, 0, 0, 0, 0, 0, 0, 0, 0, 0, 0, 0, 0, 0, 0, 0, 0, 0, 0, 0, 0, 0, 0, 0, 0, 0, 0, 0, 0, 0, 5]
[362.95386, 196.56447, 341.92212, 179.31786, 382.0882, 178.40025, 354.38416, 187.92136, 371.54388, 187.91438, 306.5631, 282.6365, 414.62454, 287.44443, 0, 0, 0, 0, 0, 0, 0, 0, 0, 0, 0, 0, 0, 0, 0, 0, 0, 0, 0, 0, 0, 0, 0, 0, 1, 0, 0, 0, 0, 0, 0, 0, 14]
[347.6655, 180.3333, 340.94116, 187.91518, 318.0223, 194.68315, 346.7124, 179.30917, -1, -1, 400.26996, 271.12427, -1, -1, 0, 0, 0, 0, 0, 0, 1, 0, 1, 0, 1, 0, 2, 1, 0, 0, 0, 0, 0, 0, 0, 0, 0, 0, 0, 0, 0, 1, 0, 0, 0, 0, 6]
[240.51186, 81.79825, 204.23413, 65.5256, -1, -1, 232.90125, 72.256714, 244.36674, 73.23849, 215.68513, 164.99681, 287.4287, 140.118, 0, 0, 0, 0, 0, 0, 0, 0, 0, 0, 0, 0, 0, 0, 0, 0, 0, 0, 0, 0, 0, 0, 0, 0, 0, 0, 0, 0, 0, 0, 0, 0, 3]
[271.1542, 174.55815, 245.33235, 150.67047, 309.36728, 136.32948, 256.85565, 162.13054, 281.6743, 159.24709, 197.53877, 286.44135, 327.58206, 294.14017, 0, 0, 0, 0, 0, 0, 1, 0, 0, 0, 0, 0, 0, 0, 0, 0, 0, 0, 0, 0, 0, 0, 0, 2, 0, 0, 0, 0, 0, 0, 0, 0, 3]
[193.65622, 118.08563, 160.21631, 119.12711, -1, -1, 185.0844, 111.418434, 188.95512, 110.478714, 219.53131, 235.79143, 217.61899, 220.48607, 0, 0, 1, 0, 0, 0, 1, 0, 0, 0, 0, 0, 0, 0, 0, 0, 0, 0, 0, 0, 0, 0, 0, 0, 0, 0, 0, 0, 0, 0, 0, 0, 7]
[121.031364, 97.11011, 83.69002, 101.866745, -1, -1, 111.46562, 93.25916, 118.17306, 89.448555, 148.73213, 205.1594, 126.7531, 188.89493, 0, 0, 0, 0, 0, 0, 1, 0, 0, 0, 0, 0, 0, 0, 0, 0, 0, 0, 0, 0, 0, 0, 0, 0, 0, 0, 0, 0, 0, 0, 0, 0, 7]
[270.18976, 94.22024, 200.37117, 87.5549, -1, -1, 255.84137, 79.87856, 269.2427, 77.020836, 454.8157, 233.87048, -1, -1, 0, 0, 0, 0, 0, 0, 0, 0, 0, 0, 0, 0, 0, 0, 0, 0, 0, 0, 0, 0, 0, 0, 0, 0, 0, 0, 0, 0, 0, 0, 0, 0, 7]
[306.53555, 94.19753, 255.84047, 68.41162, 370.6622, 72.24954, 280.7496, 64.59879, 334.27347, 64.61826, -1, -1, -1, -1, 0, 0, 0, 0, 0, 0, 0, 0, 0, 0, 0, 0, 0, 0, 0, 0, 0, 0, 0, 0, 0, 0, 0, 0, 0, 0, 0, 0, 0, 0, 0, 0, 9]
[232.87244, 111.449295, 217.64374, 110.500626, -1, -1, 231.93126, 105.712395, -1, -1, 157.3208, 264.4613, 181.25981, 204.23892, 0, 0, 0, 0, 0, 0, 2, 0, 1, 0, 1, 0, 0, 1, 0, 0, 0, 0, 0, 0, 0, 0, 0, 0, 0, 0, 0, 0, 0, 0, 0, 0, 3]
[203.2673, 141.07283, 170.72446, 149.67744, -1, -1, 196.57622, 135.36237, -1, -1, 157.37555, 303.66272, 88.50265, 225.26584, 0, 1, 0, 0, 0, 0, 0, 0, 0, 0, 0, 0, 0, 0, 0, 0, 0, 0, 0, 0, 0, 0, 0, 0, 0, 0, 0, 0, 0, 0, 0, 0, 7]
[85.60929, 54.07292, 19.674204, 52.161957, -1, -1, 72.26151, 42.55284, 80.88079, 40.68454, -1, -1, 88.46605, 256.81638, 0, 0, 0, 0, 0, 0, 1, 0, 0, 0, 0, 0, 0, 0, 0, 0, 0, 0, 0, 0, 0, 0, 0, 0, 0, 0, 0, 0, 0, 0, 0, 0, 7]
[111.4308, 96.10313, 61.69196, 87.51046, -1, -1, 101.85464, 82.76917, 111.43161, 84.659065, 16.769894, 340.96848, -1, -1, 0, 0, 0, 0, 0, 0, 0, 0, 0, 0, 0, 1, 0, 0, 0, 0, 0, 0, 0, 0, 0, 0, 0, 0, 0, 0, 0, 0, 0, 0, 0, 0, 13]
[149.68503, 188.90746, 109.50363, 194.68202, -1, -1, 140.13666, 182.23222, 148.67978, 180.31503, 147.77907, 336.1903, 163.08282, 302.7596, 0, 0, 0, 0, 0, 0, 0, 0, 1, 0, 0, 0, 1, 0, 0, 0, 0, 0, 0, 0, 0, 0, 0, 0, 0, 0, 0, 0, 0, 0, 0, 0, 7]
[278.8009, 136.32191, 256.83167, 136.3107, -1, -1, 273.09402, 131.51135, -1, -1, 167.86176, 340.0, 275.9383, 210.92781, 0, 0, 0, 0, 0, 0, 1, 0, 1, 0, 0, 0, 1, 0, 0, 0, 0, 0, 0, 0, 0, 0, 0, 0, 0, 0, 0, 0, 0, 0, 0, 0, 6]
[40.63909, 173.64622, 2.8690488, 170.70425, -1, -1, 28.245459, 165.98766, 38.754047, 165.04951, -1, -1, 43.530052, 211.88133, 0, 0, 0, 0, 0, 0, 0, 0, 0, 0, 0, 0, 0, 0, 0, 0, 0, 0, 0, 0, 0, 0, 0, 0, 0, 0, 0, 0, 0, 0, 0, 0, 12]
[188.94807, 124.79961, -1, -1, 209.01004, 88.502, -1, -1, 186.03415, 105.72777, 147.80351, 219.50679, 151.61716, 269.24014, 0, 0, 0, 0, 0, 0, 0, 0, 0, 0, 0, 0, 0, 0, 0, 0, 0, 0, 0, 0, 0, 0, 0, 0, 0, 0, 0, 0, 0, 0, 0, 1, 8]
[220.47675, 41.64999, 143.98083, 34.89834, -1, -1, 200.38469, 27.236244, 224.3081, 23.448595, 256.8097, 338.10205, 406.00195, 178.38606, 0, 0, 0, 0, 0, 0, 0, 0, 0, 0, 0, 0, 0, 0, 0, 0, 0, 0, 0, 0, 0, 0, 0, 0, 0, 0, 0, 0, 0, 0, 0, 0, 6]
[150.68555, 27.251917, 127.69348, 20.60122, -1, -1, 147.79207, 20.572636, 151.60333, 20.621914, 105.69493, 145.87712, -1, -1, 0, 0, 0, 2, 0, 0, 0, 0, 0, 0, 0, 0, 0, 0, 0, 0, 0, 0, 0, 0, 0, 0, 0, 0, 0, 0, 0, 0, 1, 0, 0, 0, 6]
[125.80917, 170.75282, 12.959277, 199.4431, -1, -1, 88.47075, 164.98282, 112.40732, 147.80322, -1, -1, 349.6039, 269.24567, 0, 0, 0, 0, 0, 0, 0, 0, 0, 0, 0, 0, 0, 0, 0, 0, 0, 0, 0, 0, 0, 0, 0, 0, 0, 0, 0, 0, 0, 1, 0, 0, 12]
[407.893, 56.95381, -1, -1, 459.56116, 57.86163, -1, -1, 418.46893, 44.517956, 271.15903, 127.72264, 277.82785, 186.01604, 0, 0, 0, 0, 0, 0, 0, 0, 0, 1, 0, 0, 0, 0, 0, 0, 0, 0, 0, 0, 0, 0, 0, 0, 0, 0, 0, 0, 0, 0, 0, 0, 3]
[310.34164, 96.17755, 264.46344, 57.895004, -1, -1, 302.71613, 79.896454, 317.09457, 84.67347, 277.8511, 233.91153, 341.00665, 197.50862, 0, 0, 0, 0, 0, 0, 0, 0, 0, 0, 0, 0, 0, 0, 0, 0, 0, 0, 0, 0, 0, 0, 0, 0, 0, 0, 0, 0, 0, 0, 0, 0, 12]
[308.42587, 192.74405, 266.3892, 154.47328, -1, -1, 301.76913, 180.28374, 311.3554, 182.23036, 308.47452, 310.38123, 330.4701, 264.50076, 0, 0, 0, 0, 0, 0, 0, 0, 0, 0, 0, 0, 0, 0, 0, 0, 0, 0, 0, 0, 0, 0, 0, 0, 0, 0, 0, 0, 0, 0, 0, 0, 14]
[402.15714, 178.40062, 356.29236, 156.36195, -1, -1, 394.5119, 165.94348, 403.15176, 166.93544, 429.93527, 295.05148, 409.86282, 247.22742, 0, 0, 0, 0, 0, 0, 0, 0, 0, 0, 0, 0, 0, 0, 0, 0, 0, 0, 0, 0, 0, 0, 0, 0, 0, 0, 0, 0, 0, 0, 0, 0, 12]
[256.8047, 135.37544, 227.19472, 112.43256, -1, -1, 251.06674, 126.715904, 263.50253, 127.690155, 214.7347, 210.91649, 275.9523, 219.52495, 0, 0, 0, 0, 0, 0, 0, 0, 0, 0, 0, 0, 0, 0, 0, 0, 0, 0, 0, 0, 0, 0, 0, 0, 0, 0, 0, 0, 0, 0, 0, 0, 9]
[211.85648, 105.693756, 180.34064, 110.48718, -1, -1, 204.2314, 100.93405, -1, -1, 201.36145, 268.2738, 186.9677, 218.52144, 0, 0, 0, 0, 0, 0, 1, 0, 0, 0, 0, 0, 0, 0, 0, 0, 0, 0, 0, 0, 0, 0, 0, 0, 0, 0, 0, 0, 0, 0, 0, 0, 7]
[79.88487, 100.91912, 49.291473, 102.85731, -1, -1, 71.28205, 95.22274, 78.9437, 94.20845, 95.174385, 224.26973, 102.785164, 209.91638, 0, 0, 0, 0, 0, 0, 0, 0, 0, 0, 0, 0, 0, 0, 0, 1, 0, 0, 0, 0, 0, 0, 0, 0, 0, 0, 0, 0, 0, 0, 0, 0, 6]
[186.0445, 88.51214, 74.17197, 74.16021, -1, -1, 156.40816, 76.05669, 185.0652, 64.543755, -1, -1, 203.26738, 282.65125, 0, 0, 0, 0, 0, 0, 0, 0, 0, 0, 0, 0, 0, 0, 0, 0, 0, 0, 0, 0, 0, 0, 0, 0, 0, 0, 0, 0, 0, 0, 0, 0, 12]
[192.73424, 219.55193, 156.36938, 225.25131, -1, -1, 182.20557, 213.78308, 187.95981, 213.75793, -1, -1, 173.5934, 349.61438, 0, 0, 0, 0, 0, 0, 0, 0, 0, 0, 0, 0, 1, 0, 1, 0, 0, 0, 0, 0, 0, 0, 0, 0, 0, 0, 0, 0, 0, 0, 0, 0, 13]
[183.1833, 93.25372, 135.36064, 55.96546, -1, -1, 172.68367, 79.85751, 193.66652, 80.85013, 196.56017, 211.89018, 225.22925, 165.98874, 0, 0, 0, 0, 0, 0, 0, 0, 1, 1, 0, 0, 0, 0, 0, 1, 0, 0, 0, 0, 0, 0, 0, 0, 0, 0, 0, 0, 0, 0, 0, 0, 9]
[275.93854, 134.4305, 271.16122, 133.40886, 286.46268, 133.45718, 273.0732, 132.47736, 279.77264, 132.49297, 248.19637, 194.65796, 279.79587, 209.00844, 0, 0, 0, 0, 0, 0, 0, 0, 0, 0, 0, 0, 0, 0, 0, 0, 0, 0, 0, 0, 0, 0, 0, 0, 0, 0, 0, 0, 0, 0, 0, 0, 3]
[446.19012, 34.945633, -1, -1, 487.29483, 10.971067, 440.4541, 26.30875, 453.81876, 27.237831, 406.97552, 108.58765, 471.0456, 128.64497, 0, 0, 0, 0, 0, 0, 0, 0, 0, 0, 0, 0, 0, 0, 0, 1, 0, 0, 1, 0, 0, 0, 0, 0, 0, 0, 0, 0, 0, 0, 0, 0, 6]
[501.64664, 176.46391, -1, -1, 524.6291, 149.66528, -1, -1, 499.75497, 164.98145, 539.88214, 261.6104, 508.35764, 306.55023, 0, 0, 0, 0, 0, 0, 1, 0, 0, 0, 0, 0, 0, 0, 0, 0, 0, 0, 0, 0, 0, 1, 0, 0, 0, 0, 0, 0, 0, 0, 0, 0, 12]
[288.3904, 159.28168, 273.09097, 153.53296, -1, -1, 287.43835, 151.62242, -1, -1, 194.61842, 349.60736, 287.46155, 126.780304, 0, 0, 0, 0, 0, 0, 1, 0, 1, 0, 0, 0, 0, 0, 0, 0, 0, 0, 0, 0, 0, 0, 0, 0, 0, 0, 0, 0, 0, 0, 0, 0, 6]
[426.13156, 136.31837, 383.06348, 104.77472, -1, -1, 420.3802, 122.927864, 431.85074, 125.7989, 447.13892, 273.10706, 432.77658, 218.59802, 0, 0, 0, 0, 0, 0, 0, 0, 0, 0, 0, 0, 0, 0, 0, 0, 0, 0, 0, 0, 0, 0, 0, 0, 0, 0, 0, 0, 0, 0, 0, 0, 12]
[463.437, 126.76162, 403.1552, 119.12342, -1, -1, 452.88654, 118.093475, 463.38123, 113.3685, 546.61304, 262.5518, 532.2434, 195.56952, 0, 0, 0, 0, 0, 0, 0, 0, 0, 0, 0, 0, 0, 0, 0, 0, 0, 0, 0, 0, 0, 0, 0, 0, 0, 0, 0, 0, 0, 0, 0, 0, 13]
[339.98193, 49.305153, 313.25095, 28.233444, 356.28195, 19.661629, 327.60272, 42.595516, 346.69992, 39.695168, 308.4598, 127.72671, 402.2268, 103.80081, 0, 0, 0, 0, 0, 0, 0, 0, 0, 1, 0, 0, 0, 0, 0, 0, 0, 0, 1, 0, 0, 0, 0, 0, 0, 0, 0, 0, 0, 0, 0, 0, 6]
[149.67018, 153.54144, 118.101265, 142.08649, -1, -1, 143.0007, 144.90211, -1, -1, 49.300293, 321.84906, 101.89408, 291.25146, 0, 0, 0, 0, 0, 0, 0, 0, 0, 1, 0, 1, 0, 0, 0, 0, 0, 0, 0, 0, 0, 0, 0, 0, 0, 0, 0, 0, 0, 0, 0, 0, 12]
[241.54526, 59.794098, -1, -1, 320.88504, 51.19668, 248.15237, 41.604362, 260.64713, 41.656033, 152.57578, 249.14891, -1, -1, 0, 0, 0, 1, 0, 0, 0, 0, 0, 0, 0, 0, 0, 0, 0, 0, 0, 0, 0, 0, 0, 0, 0, 0, 0, 0, 0, 0, 0, 0, 0, 0, 2]
[191.79654, 57.91788, 157.33249, 42.568295, -1, -1, 184.13246, 49.292316, 195.6604, 50.21034, 177.4361, 164.05481, 210.93163, 161.16342, 0, 0, 0, 0, 0, 0, 1, 0, 0, 0, 0, 0, 1, 0, 0, 0, 0, 0, 0, 0, 0, 0, 0, 0, 0, 0, 0, 0, 0, 0, 0, 0, 3]
[279.7421, 154.48515, 238.63889, 162.12283, -1, -1, 272.11252, 144.92491, -1, -1, 293.15765, 296.02747, 279.7701, 234.8023, 0, 0, 0, 0, 0, 0, 0, 0, 0, 0, 0, 0, 0, 0, 0, 0, 0, 0, 0, 0, 0, 0, 0, 0, 0, 0, 0, 0, 0, 0, 0, 0, 7]
[82.740776, 85.62265, 52.136276, 86.56387, -1, -1, 73.22892, 79.88819, 80.873436, 78.88516, 87.514404, 209.93523, 95.21049, 195.60864, 0, 0, 0, 0, 0, 0, 0, 0, 0, 0, 0, 0, 0, 0, 0, 0, 0, 0, 0, 1, 0, 0, 0, 0, 0, 0, 0, 0, 0, 0, 0, 0, 6]
[96.108604, 63.64048, 41.644444, 64.55482, -1, -1, 85.60825, 55.956932, 95.156494, 52.151367, -1, -1, 82.74395, 254.88445, 0, 0, 0, 0, 0, 0, 0, 0, 0, 0, 0, 0, 0, 0, 0, 0, 0, 0, 0, 0, 0, 0, 0, 0, 0, 0, 0, 0, 0, 0, 0, 0, 7]
[171.69377, 30.136948, 88.471695, 17.705946, 202.33519, 34.931988, 136.3203, 2.4017303, 187.00949, 2.8652892, 210.90771, 319.9486, -1, -1, 0, 0, 0, 0, 0, 0, 0, 0, 0, 0, 0, 0, 0, 0, 0, 0, 0, 0, 0, 0, 0, 0, 0, 0, 0, 0, 0, 0, 0, 0, 0, 0, 3]
[159.26418, 172.69135, 43.557163, 165.98647, -1, -1, 125.777855, 151.6337, 164.02559, 147.79959, -1, -1, 289.3293, 349.6207, 0, 0, 0, 0, 0, 0, 0, 0, 0, 0, 0, 0, 0, 0, 0, 0, 0, 0, 0, 0, 0, 0, 0, 0, 0, 0, 0, 0, 1, 0, 0, 0, 12]
[59.8106, 45.45564, 2.87356, 47.37339, -1, -1, 27.309633, 34.930187, 64.60842, 17.690939, 165.9782, 296.02692, 253.94246, 150.661, 0, 0, 0, 0, 0, 0, 0, 0, 0, 0, 0, 0, 0, 0, 0, 0, 0, 0, 0, 0, 0, 0, 0, 0, 0, 0, 0, 0, 0, 0, 0, 0, 9]
[461.48337, 184.11664, -1, -1, 479.64, 158.2889, -1, -1, 456.7006, 172.671, 504.51385, 264.44275, 463.44305, 304.64072, 0, 0, 0, 0, 0, 0, 1, 0, 0, 0, 0, 0, 0, 0, 0, 0, 0, 0, 0, 0, 0, 0, 0, 1, 0, 0, 0, 0, 0, 0, 0, 0, 12]
[93.24998, 248.18419, 48.334087, 272.1393, -1, -1, 78.891685, 246.30737, 85.60366, 240.53499, -1, -1, 123.87965, 288.39847, 0, 0, 0, 0, 0, 0, 0, 0, 0, 0, 0, 0, 0, 0, 0, 0, 0, 0, 0, 0, 0, 0, 0, 0, 0, 0, 0, 0, 0, 0, 0, 0, 5]
[401.1912, 82.74388, 500.69595, 91.35083, 434.7132, 102.81081, -1, -1, 406.00055, 80.85999, -1, -1, 379.2623, 324.73248, 0, 0, 0, 0, 0, 0, 0, 0, 0, 0, 0, 0, 1, 0, 0, 0, 0, 0, 0, 0, 0, 0, 0, 0, 0, 0, 0, 0, 0, 0, 0, 0, 2]
[386.9244, 156.41762, 502.6018, 127.71648, 423.239, 155.42662, -1, -1, 388.79422, 145.876, 354.36005, 217.59439, -1, -1, 0, 0, 1, 0, 0, 0, 0, 0, 0, 0, 0, 0, 0, 0, 0, 0, 0, 0, 0, 1, 0, 0, 0, 0, 0, 0, 0, 0, 0, 0, 0, 0, 3]
[531.2975, 155.44719, 486.33005, 140.11598, -1, -1, 519.83057, 143.01282, 537.9763, 143.02617, 539.91205, 272.1421, 569.5659, 260.63666, 0, 0, 0, 0, 0, 0, 0, 0, 0, 0, 0, 0, 0, 0, 0, 0, 0, 0, 0, 0, 0, 0, 0, 0, 0, 0, 1, 0, 0, 0, 0, 0, 7]
[348.62228, 113.34156, 306.53516, 88.47116, 424.186, 89.479355, 324.74088, 85.5968, 379.24823, 83.71132, -1, -1, -1, -1, 0, 0, 0, 0, 0, 0, 0, 0, 0, 0, 0, 0, 0, 0, 0, 0, 0, 0, 0, 0, 0, 0, 0, 0, 0, 0, 0, 0, 0, 0, 0, 0, 9]
[157.33557, 141.09413, 123.86579, 132.45775, -1, -1, 149.72348, 133.4122, 157.31508, 133.44467, 50.20069, 333.332, 109.50445, 288.39618, 0, 0, 0, 0, 0, 0, 0, 0, 0, 0, 0, 0, 0, 0, 1, 0, 0, 0, 0, 0, 0, 0, 0, 0, 0, 0, 0, 0, 0, 0, 0, 0, 9]
[478.67065, 175.50565, 432.77826, 153.52199, -1, -1, 471.04016, 164.00865, 479.6341, 164.96014, 513.13196, 295.103, 513.1225, 275.94724, 0, 0, 0, 0, 0, 0, 0, 0, 0, 0, 0, 0, 0, 0, 0, 0, 0, 0, 0, 0, 0, 0, 0, 0, 0, 0, 0, 0, 0, 0, 0, 0, 13]
[330.4453, 65.50104, 253.95291, 65.54495, -1, -1, 316.12286, 49.30733, 324.73163, 49.250973, -1, -1, 417.468, 231.95781, 0, 0, 0, 0, 0, 0, 0, 0, 0, 0, 0, 0, 0, 0, 0, 0, 0, 0, 0, 0, 0, 0, 0, 1, 0, 0, 0, 0, 0, 0, 0, 0, 7]
[133.38496, 49.305317, 100.931755, 37.80781, -1, -1, 125.82618, 41.64098, 133.47043, 42.57371, 92.29716, 179.37282, 100.9014, 166.90208, 0, 0, 0, 0, 0, 0, 0, 0, 0, 0, 0, 0, 0, 0, 0, 0, 0, 0, 0, 0, 0, 0, 0, 0, 0, 0, 0, 0, 0, 0, 0, 0, 13]
[142.01712, 148.78098, 102.821785, 150.67883, -1, -1, 132.45544, 142.06595, 140.11664, 141.07825, 165.02493, 272.09933, 161.18532, 256.80026, 0, 0, 0, 0, 0, 0, 0, 0, 0, 0, 0, 0, 1, 0, 0, 0, 0, 0, 0, 0, 0, 0, 0, 0, 0, 0, 0, 0, 0, 0, 0, 0, 7]
[275.95642, 118.15667, 219.52222, 90.39879, -1, -1, 265.42642, 102.84223, 279.73892, 104.73253, 321.8521, 255.83907, 279.79373, 228.14438, 0, 0, 0, 0, 0, 0, 0, 0, 0, 0, 0, 0, 1, 0, 0, 0, 0, 0, 0, 0, 0, 0, 0, 0, 0, 0, 0, 0, 0, 0, 0, 0, 12]
[431.8503, 188.93336, 377.3315, 164.9776, -1, -1, 422.28906, 175.52713, 433.76202, 177.41624, 492.07974, 317.05984, 470.08743, 264.47845, 0, 0, 0, 0, 0, 0, 0, 0, 0, 0, 0, 0, 0, 0, 0, 0, 0, 0, 0, 0, 0, 0, 0, 0, 0, 0, 0, 0, 0, 0, 0, 0, 15]
[157.34125, 110.44977, 128.67213, 117.16218, -1, -1, 148.75883, 104.776146, 156.33357, 103.7701, 186.96373, 226.22864, 186.03456, 210.91959, 0, 0, 0, 0, 0, 0, 0, 0, 0, 0, 0, 0, 0, 0, 0, 0, 0, 0, 0, 0, 0, 0, 0, 0, 1, 0, 0, 0, 0, 0, 0, 0, 5]
[476.80298, 180.26326, 428.02017, 156.38399, -1, -1, 467.23886, 165.95802, 478.73553, 167.88705, 501.65445, 309.37656, 489.23694, 259.69467, 0, 0, 0, 0, 0, 0, 0, 0, 0, 0, 0, 0, 0, 0, 0, 0, 0, 0, 0, 0, 0, 0, 0, 0, 0, 0, 0, 0, 0, 0, 0, 0, 13]
[209.95505, 87.513664, 164.01344, 49.278053, -1, -1, 200.40376, 73.174904, 218.52728, 76.99654, 223.35027, 208.02301, 247.25208, 164.00189, 0, 0, 0, 0, 0, 0, 0, 0, 1, 0, 0, 0, 0, 0, 0, 0, 0, 0, 0, 0, 0, 0, 0, 0, 0, 0, 0, 0, 0, 0, 0, 0, 9]
[246.28256, 66.49355, 209.90855, 55.0051, -1, -1, 237.6795, 58.8298, 248.24939, 57.906483, 237.6812, 148.72977, 327.60022, 119.11027, 0, 0, 0, 0, 0, 0, 0, 0, 0, 0, 0, 0, 0, 0, 0, 0, 0, 0, 0, 0, 0, 0, 0, 0, 0, 0, 0, 0, 0, 0, 0, 0, 3]
[80.834526, 133.48213, 50.247353, 141.10542, -1, -1, 71.29241, 131.51222, 78.91538, 126.75746, 114.31312, 251.0687, 116.23574, 235.78421, 0, 0, 0, 0, 0, 0, 0, 0, 0, 0, 0, 0, 0, 0, 0, 0, 0, 0, 0, 1, 0, 0, 0, 0, 0, 0, 0, 0, 0, 0, 0, 0, 6]
[236.71468, 57.88761, -1, -1, 312.2958, 48.327854, 240.6011, 40.643764, 254.8892, 40.684643, -1, -1, 95.17614, 201.3331, 0, 0, 0, 0, 0, 0, 0, 0, 0, 0, 0, 0, 0, 0, 0, 0, 0, 0, 0, 0, 0, 0, 0, 0, 0, 0, 0, 0, 0, 0, 0, 0, 2]
[317.05447, 141.119, -1, -1, 345.73697, 103.76455, 310.36127, 131.54382, 315.16928, 126.778625, 309.43695, 218.6096, 318.0284, 254.90654, 0, 0, 0, 0, 0, 0, 1, 0, 0, 0, 0, 0, 0, 0, 0, 0, 0, 0, 0, 0, 0, 1, 0, 0, 0, 0, 0, 0, 0, 0, 0, 0, 9]
[428.9549, 51.21042, -1, -1, 516.0162, 44.512375, 430.86688, 33.95663, 453.83945, 33.99411, 306.55295, 201.31677, 560.96094, 349.60403, 0, 0, 0, 0, 0, 0, 0, 0, 0, 0, 0, 0, 1, 0, 0, 0, 0, 0, 0, 0, 0, 0, 0, 0, 0, 0, 0, 0, 0, 0, 0, 0, 3]
[173.59468, 110.51814, 126.758644, 75.095665, -1, -1, 171.64642, 92.30739, 175.51373, 96.19046, 249.18155, 252.02066, 208.03755, 212.81847, 0, 0, 0, 0, 0, 0, 0, 1, 0, 0, 0, 0, 0, 0, 0, 0, 0, 0, 0, 0, 0, 1, 0, 1, 0, 0, 0, 0, 0, 0, 1, 0, 9]
[182.20752, 178.36818, 173.6075, 177.41487, 148.74321, 179.31123, 181.28792, 172.63441, -1, -1, 202.29567, 309.42822, -1, -1, 0, 0, 0, 0, 0, 0, 0, 0, 0, 0, 0, 0, 0, 0, 0, 0, 0, 0, 0, 0, 0, 0, 0, 0, 0, 0, 0, 0, 0, 0, 1, 0, 12]
[256.85196, 72.21792, 238.65248, 72.18683, -1, -1, 254.88106, 66.48434, -1, -1, 211.87793, 174.55902, 217.56903, 164.97702, 0, 0, 0, 1, 0, 0, 1, 0, 1, 0, 1, 0, 0, 1, 0, 0, 0, 0, 0, 0, 0, 0, 0, 0, 0, 0, 0, 0, 0, 1, 0, 0, 4]
[300.82648, 71.26206, -1, -1, 377.297, 28.238075, 283.59814, 50.25669, 312.30264, 42.571156, 207.08432, 248.20474, 513.1323, 342.9039, 0, 0, 0, 0, 0, 0, 0, 0, 0, 0, 0, 0, 0, 0, 0, 0, 0, 0, 0, 0, 0, 0, 0, 0, 0, 0, 0, 0, 0, 0, 0, 0, 9]
[96.10669, 151.62112, -1, -1, 148.71548, 119.130974, 87.535515, 139.15746, 102.87684, 134.42773, 55.01578, 295.08105, 103.80835, 301.7602, 0, 0, 0, 0, 0, 0, 0, 0, 1, 0, 0, 0, 1, 0, 1, 0, 0, 0, 0, 0, 0, 0, 0, 0, 0, 0, 0, 0, 0, 0, 0, 0, 15]
[255.81451, 180.34422, 218.60402, 154.47568, -1, -1, 252.03792, 171.70258, -1, -1, 252.02081, 295.04596, 250.13086, 248.18571, 0, 0, 0, 0, 0, 0, 0, 1, 0, 1, 0, 0, 0, 0, 0, 0, 0, 0, 0, 0, 0, 0, 1, 0, 0, 0, 0, 0, 1, 1, 0, 0, 9]
[164.99046, 169.79608, -1, -1, 195.62384, 150.69562, 164.02849, 161.18942, 169.77774, 158.3304, 129.62679, 231.91644, 142.06233, 252.99161, 0, 0, 0, 0, 0, 0, 0, 0, 0, 0, 0, 0, 0, 0, 0, 0, 0, 0, 0, 0, 0, 0, 0, 0, 0, 0, 0, 0, 0, 0, 0, 0, 0]
[203.30042, 225.21362, -1, -1, 254.89464, 195.63625, 197.53076, 210.90433, 211.87953, 211.8969, 139.18356, 309.37717, -1, -1, 0, 0, 0, 0, 0, 0, 0, 0, 0, 0, 0, 0, 1, 0, 0, 0, 0, 0, 0, 0, 0, 0, 0, 0, 0, 0, 0, 0, 0, 2, 0, 0, 2]
[463.4357, 122.933205, 423.21875, 96.175735, -1, -1, 455.735, 111.40308, 469.15054, 111.47041, 463.40286, 240.58305, 494.00574, 195.6093, 0, 0, 0, 0, 0, 0, 0, 0, 0, 0, 0, 0, 0, 0, 0, 0, 0, 0, 0, 0, 0, 0, 0, 0, 0, 0, 0, 0, 0, 0, 0, 0, 13]
[143.01353, 140.14415, 110.48125, 143.0299, -1, -1, 134.44318, 134.37262, 141.10788, 133.41263, 171.6971, 262.56018, 167.86531, 246.30385, 0, 0, 0, 0, 0, 0, 0, 0, 0, 0, 0, 0, 1, 0, 0, 0, 0, 0, 0, 0, 0, 0, 0, 0, 0, 0, 0, 0, 0, 0, 0, 0, 6]
[305.57498, 97.092636, -1, -1, 349.6145, 79.8718, 296.98645, 85.60638, 317.9922, 85.60586, 224.28636, 227.17563, 335.26303, 236.74889, 0, 0, 0, 0, 0, 0, 0, 0, 0, 0, 0, 0, 0, 0, 0, 1, 0, 0, 0, 0, 0, 0, 0, 0, 0, 0, 0, 0, 0, 0, 0, 0, 9]
[208.01547, 105.72036, 142.09013, 110.48064, -1, -1, 189.88174, 98.053665, 202.28809, 95.152855, 237.68146, 330.44778, 241.51097, 304.62686, 0, 0, 0, 0, 0, 0, 0, 1, 0, 0, 0, 0, 0, 0, 0, 0, 0, 0, 0, 0, 0, 0, 0, 0, 0, 0, 0, 0, 0, 0, 0, 0, 7]
[274.0429, 217.56772, 251.08423, 230.02975, 196.58469, 231.95909, 270.21893, 210.96199, -1, -1, 325.67102, 349.60217, -1, -1, 0, 0, 0, 0, 0, 0, 0, 0, 0, 0, 0, 0, 0, 0, 1, 0, 0, 0, 0, 0, 0, 0, 0, 0, 0, 0, 0, 0, 0, 0, 0, 0, 7]
[218.54181, 141.04875, -1, -1, 241.52121, 96.12342, -1, -1, 210.945, 124.84982, 196.55882, 269.23526, 259.67685, 283.57617, 0, 0, 0, 0, 0, 0, 0, 0, 0, 0, 0, 0, 0, 0, 0, 1, 0, 0, 0, 0, 0, 0, 0, 0, 0, 0, 0, 0, 0, 0, 0, 0, 11]
[95.17927, 45.44131, 42.619534, 42.63323, -1, -1, 84.645645, 34.94005, 95.127815, 33.996338, 32.992897, 324.696, 89.47501, 226.2326, 0, 0, 0, 0, 0, 0, 0, 0, 0, 0, 0, 0, 0, 0, 0, 0, 0, 0, 0, 0, 0, 0, 0, 0, 0, 0, 0, 0, 0, 0, 0, 0, 7]
[327.5881, 103.75479, 309.41547, 88.5229, 363.90707, 88.45702, 318.00122, 90.39003, 340.94046, 89.48007, 244.36714, 205.19167, 380.22467, 215.67047, 0, 0, 0, 0, 0, 0, 0, 0, 0, 0, 0, 0, 0, 0, 0, 0, 0, 0, 0, 0, 0, 0, 0, 0, 0, 0, 0, 0, 0, 0, 0, 0, 9]
[312.295, 201.3461, 303.70508, 200.3719, 279.8163, 203.2417, 311.3291, 195.60756, -1, -1, 321.85635, 338.1014, -1, -1, 0, 0, 0, 0, 0, 0, 0, 0, 0, 0, 1, 0, 0, 0, 0, 0, 0, 0, 0, 0, 0, 0, 0, 0, 0, 0, 0, 0, 0, 0, 0, 0, 12]
[298.89062, 163.09387, 254.91818, 149.66023, -1, -1, 286.45038, 150.6572, 303.6613, 149.68492, 286.4283, 280.72614, 375.39728, 241.51831, 0, 0, 0, 0, 0, 0, 0, 0, 0, 0, 0, 0, 0, 0, 0, 0, 0, 0, 0, 0, 0, 0, 0, 0, 0, 0, 0, 0, 0, 0, 0, 0, 12]
[500.67758, 87.555405, -1, -1, 559.97766, 88.49131, -1, -1, 510.29074, 74.14583, 469.1258, 321.86603, 467.23407, 335.26, 0, 0, 0, 0, 0, 0, 0, 0, 0, 1, 0, 0, 0, 0, 0, 0, 0, 0, 0, 0, 0, 0, 1, 0, 0, 0, 0, 0, 0, 0, 0, 0, 2]
[240.59196, 57.86562, -1, -1, 317.0995, 47.37816, 245.3431, 39.691082, 257.7713, 39.712727, 148.7153, 247.24303, 96.155174, 202.3203, 0, 0, 0, 0, 0, 0, 0, 0, 0, 0, 0, 0, 0, 0, 0, 0, 0, 0, 0, 0, 0, 0, 0, 0, 0, 0, 0, 0, 0, 0, 0, 0, 2]
[363.9637, 188.91759, 322.80704, 149.72444, -1, -1, 357.22833, 177.4145, 371.5917, 180.27599, 366.80252, 315.13818, 388.78952, 264.46924, 0, 0, 0, 0, 0, 0, 0, 0, 0, 0, 0, 0, 0, 0, 0, 0, 0, 0, 0, 0, 0, 0, 0, 0, 0, 0, 0, 0, 0, 0, 0, 0, 14]
[317.10052, 156.39845, 257.79742, 156.371, -1, -1, 303.6873, 143.98248, 317.06165, 142.099, 455.78848, 246.27422, 435.6639, 246.28368, 0, 0, 0, 0, 0, 0, 0, 0, 0, 0, 0, 0, 0, 0, 0, 0, 0, 0, 0, 0, 0, 0, 0, 0, 0, 0, 0, 0, 0, 0, 0, 0, 13]
[286.44705, 149.67989, 188.92535, 148.75769, -1, -1, 264.44748, 131.53734, 279.7801, 125.80001, -1, -1, 394.54718, 307.49475, 0, 0, 0, 0, 0, 0, 0, 0, 0, 0, 0, 0, 0, 0, 0, 0, 0, 0, 0, 0, 0, 0, 0, 0, 0, 0, 0, 0, 0, 0, 0, 0, 13]
[440.48547, 140.12868, 404.1112, 127.69657, 317.07993, 111.433556, 442.37036, 119.13293, -1, -1, 555.21674, 274.97687, -1, -1, 0, 0, 0, 0, 0, 0, 0, 0, 0, 0, 0, 0, 0, 0, 0, 0, 0, 0, 0, 0, 0, 0, 0, 0, 0, 0, 0, 0, 0, 0, 0, 0, 13]
[263.5434, 74.158455, 241.56348, 72.18899, -1, -1, 258.7511, 71.24852, 263.5432, 71.27547, 203.31267, 175.51608, 230.98537, 167.87271, 0, 0, 0, 1, 0, 0, 0, 0, 1, 0, 1, 0, 1, 0, 0, 1, 0, 0, 0, 0, 0, 0, 0, 0, 0, 0, 0, 0, 0, 0, 0, 1, 6]
[-1, -1, 340.0054, 54.07194, 282.64273, 56.938118, 348.6005, 48.308594, -1, -1, 364.91867, 324.71722, 218.5787, 263.52173, 0, 0, 0, 0, 0, 0, 0, 0, 0, 0, 1, 0, 0, 0, 0, 0, 0, 0, 0, 0, 0, 0, 0, 0, 0, 0, 0, 0, 0, 0, 0, 0, 5]
[310.38742, 148.74927, 286.4812, 160.23468, 233.82996, 147.77664, 307.4821, 143.03687, -1, -1, 122.93694, 349.591, 119.08657, 281.69016, 0, 0, 0, 0, 0, 0, 0, 0, 0, 0, 0, 0, 1, 0, 0, 0, 0, 0, 0, 0, 0, 0, 0, 0, 0, 0, 0, 0, 0, 0, 0, 0, 7]
[388.8125, 165.01587, 326.64044, 118.09658, -1, -1, 370.61826, 146.82669, 404.09808, 148.75638, 344.7939, 349.6048, 486.3793, 279.81113, 0, 0, 0, 0, 0, 0, 0, 0, 0, 0, 0, 0, 0, 0, 0, 0, 0, 0, 0, 0, 0, 0, 0, 0, 0, 0, 0, 0, 0, 0, 0, 0, 14]
[406.02457, 134.38646, 370.62143, 126.73231, -1, -1, 400.27994, 125.78381, 406.0275, 125.78107, 483.4714, 236.7419, 452.8795, 217.56313, 0, 0, 0, 0, 0, 0, 0, 0, 0, 0, 0, 0, 0, 0, 0, 0, 0, 0, 0, 0, 0, 0, 0, 0, 0, 0, 0, 0, 0, 0, 0, 0, 13]
[131.5238, 225.22762, 87.5252, 235.78444, -1, -1, 119.0849, 218.6146, 126.71506, 216.62096, -1, -1, 170.73262, 337.14676, 0, 0, 0, 0, 0, 0, 0, 0, 0, 0, 0, 0, 1, 0, 0, 0, 0, 0, 0, 0, 0, 0, 0, 0, 0, 0, 0, 0, 0, 0, 0, 0, 7]
[475.8106, 148.74933, 431.83093, 125.747284, -1, -1, 468.187, 135.36717, 477.72998, 139.16066, 493.9935, 265.42093, 509.32123, 241.49712, 0, 0, 0, 0, 0, 0, 0, 0, 0, 0, 0, 0, 0, 0, 0, 0, 0, 0, 0, 0, 0, 0, 0, 0, 0, 0, 0, 0, 0, 0, 0, 0, 13]
[195.63591, 73.18293, 133.47824, 65.57664, -1, -1, 172.64972, 58.83624, 205.1661, 51.18011, 171.6884, 349.60968, 370.60498, 207.0904, 0, 0, 0, 0, 0, 0, 0, 0, 0, 0, 0, 0, 0, 0, 0, 0, 0, 0, 0, 0, 0, 0, 0, 0, 0, 0, 0, 0, 0, 0, 0, 0, 6]
[432.75305, 77.02514, -1, -1, 478.67908, 56.91816, 424.21173, 65.552956, 441.42444, 64.52919, 347.67993, 164.05885, 398.37747, 206.14111, 0, 0, 0, 0, 0, 0, 0, 0, 0, 1, 0, 1, 0, 0, 0, 0, 0, 0, 0, 0, 0, 0, 0, 0, 0, 0, 0, 0, 0, 0, 0, 0, 6]
[123.87092, 126.75987, 57.905087, 103.80655, -1, -1, 110.44635, 110.46733, 125.80799, 112.41699, 201.35292, 244.37502, 170.72005, 218.5679, 0, 0, 0, 0, 0, 0, 0, 0, 0, 0, 0, 0, 0, 0, 1, 0, 0, 0, 0, 0, 0, 0, 0, 1, 0, 0, 0, 0, 0, 1, 0, 0, 9]
[253.00226, 161.16089, 223.33012, 135.37567, -1, -1, 247.22838, 150.67012, 258.72287, 151.59619, 209.9371, 235.78157, 285.51093, 247.24524, 0, 0, 0, 0, 0, 0, 0, 0, 0, 0, 0, 0, 0, 0, 0, 0, 0, 0, 0, 0, 0, 0, 0, 0, 0, 0, 0, 0, 0, 0, 0, 0, 9]
[269.26144, 80.83445, 249.13467, 79.848526, -1, -1, 264.46924, 76.99737, -1, -1, 210.9075, 186.04741, 236.73041, 173.61865, 0, 0, 0, 1, 0, 0, 1, 0, 1, 0, 1, 0, 1, 0, 0, 1, 0, 0, 0, 0, 0, 0, 0, 0, 0, 0, 0, 0, 0, 0, 0, 1, 6]
[127.72925, 98.07492, 71.262886, 103.75952, -1, -1, 119.12953, 88.48383, 126.786575, 87.53232, -1, -1, 73.19928, 284.5631, 0, 0, 0, 0, 0, 0, 1, 0, 0, 0, 0, 0, 0, 0, 0, 0, 0, 0, 0, 0, 0, 0, 0, 0, 0, 0, 0, 0, 0, 0, 0, 0, 7]
[422.29144, 204.21976, 356.31992, 172.66391, -1, -1, 414.60315, 187.9618, 425.16757, 189.87991, -1, -1, 471.0262, 302.71457, 0, 0, 0, 0, 0, 0, 0, 0, 0, 0, 0, 0, 0, 0, 0, 0, 0, 0, 0, 0, 0, 0, 0, 0, 0, 0, 0, 0, 1, 0, 0, 0, 15]
[158.34581, 55.029118, 134.42862, 39.71673, -1, -1, 157.3056, 46.408386, 163.0583, 49.227165, 56.928864, 164.98402, 80.81186, 156.36623, 0, 0, 0, 0, 0, 0, 0, 0, 0, 0, 0, 0, 0, 0, 0, 0, 0, 0, 0, 0, 0, 0, 0, 0, 0, 0, 0, 0, 0, 0, 0, 0, 12]
[375.40396, 120.06369, 317.04422, 79.91212, -1, -1, 362.03403, 102.8126, 384.95782, 103.83666, 318.02664, 271.17126, 439.48947, 234.81168, 0, 0, 0, 0, 0, 0, 0, 0, 1, 0, 0, 1, 0, 0, 0, 0, 0, 0, 0, 0, 0, 0, 0, 0, 0, 0, 0, 0, 0, 0, 0, 0, 12]
[111.47407, 77.94738, 73.15747, 73.22604, -1, -1, 103.79024, 70.32309, 110.48051, 69.35998, 53.101147, 286.45013, 93.27106, 220.47534, 0, 0, 0, 0, 0, 0, 0, 0, 0, 0, 0, 0, 0, 0, 0, 0, 0, 0, 0, 0, 0, 0, 0, 0, 0, 0, 0, 0, 0, 0, 0, 0, 6]
[271.11975, 110.477425, 242.49925, 117.189354, 195.57765, 87.50864, 268.28363, 104.735596, -1, -1, 151.60675, 341.93698, 35.887905, 176.47893, 0, 0, 0, 0, 0, 0, 0, 0, 0, 0, 0, 1, 0, 0, 0, 0, 0, 0, 0, 0, 0, 0, 0, 0, 0, 0, 0, 0, 0, 0, 0, 0, 7]
[194.65155, 65.52303, 119.07653, 48.32986, 240.51976, 47.35619, 162.12215, 40.65056, 212.82362, 34.974857, -1, -1, 329.50632, 287.4339, 0, 0, 0, 0, 0, 0, 0, 0, 0, 0, 0, 0, 0, 0, 0, 0, 0, 0, 0, 0, 0, 0, 0, 0, 0, 0, 0, 0, 0, 0, 0, 0, 3]
[483.49292, 141.05168, -1, -1, 546.561, 155.41368, 486.40518, 125.82695, 499.71036, 134.3845, 368.7137, 148.74971, 372.52588, 206.12973, 0, 0, 0, 0, 0, 0, 0, 0, 0, 0, 0, 0, 0, 0, 0, 0, 0, 0, 0, 0, 0, 0, 0, 0, 0, 0, 0, 0, 0, 0, 0, 0, 6]
[63.60375, 54.03909, 2.8668027, 50.231785, -1, -1, 43.561977, 41.61323, 56.967197, 40.65065, -1, -1, 129.62201, 265.44785, 0, 0, 0, 0, 0, 0, 0, 0, 0, 0, 0, 0, 0, 0, 0, 0, 0, 0, 0, 0, 0, 0, 0, 0, 0, 0, 0, 0, 0, 0, 0, 0, 7]
[237.679, 118.149445, 226.20905, 120.08528, 203.22993, 125.79824, 233.89711, 113.37909, -1, -1, 264.4306, 239.60573, -1, -1, 0, 0, 0, 0, 0, 0, 0, 0, 0, 1, 0, 0, 0, 1, 0, 0, 0, 0, 0, 0, 0, 0, 0, 0, 0, 0, 0, 0, 0, 1, 0, 0, 6]
[187.91617, 90.39627, 86.56953, 82.750565, -1, -1, 156.4087, 71.23605, 189.88, 65.524086, -1, -1, 340.99194, 271.18445, 0, 0, 0, 0, 0, 0, 0, 0, 0, 0, 0, 0, 0, 0, 0, 0, 0, 0, 0, 0, 0, 0, 0, 1, 0, 0, 0, 0, 0, 0, 0, 0, 6]
[141.05838, 132.4867, 100.90991, 134.44032, -1, -1, 128.65958, 125.76863, 135.35727, 124.78966, 164.01135, 248.16634, 149.70967, 233.85353, 0, 0, 0, 0, 0, 0, 0, 0, 0, 0, 0, 0, 1, 0, 0, 0, 0, 0, 0, 0, 0, 0, 0, 0, 0, 0, 0, 0, 0, 0, 0, 0, 7]
[141.12033, 63.61377, 69.36375, 82.76711, -1, -1, 120.053986, 56.89793, 133.42966, 48.313858, 269.2335, 132.45781, 246.30121, 108.56952, 0, 0, 0, 0, 0, 0, 0, 0, 0, 0, 0, 0, 0, 0, 0, 0, 0, 0, 0, 0, 0, 0, 0, 0, 0, 0, 0, 0, 0, 0, 0, 0, 1]
[124.7935, 90.417625, 95.148476, 88.513885, -1, -1, 116.20491, 86.55359, 122.910736, 85.606384, 94.24195, 218.57764, 110.43291, 203.29295, 0, 0, 0, 0, 0, 0, 0, 0, 0, 0, 0, 0, 0, 0, 0, 0, 0, 0, 0, 0, 0, 0, 0, 0, 0, 0, 0, 0, 0, 0, 0, 0, 12]
[232.91719, 171.71407, 224.31236, 171.68715, 246.2854, 171.71185, 229.09125, 167.86696, 239.5854, 168.81284, -1, -1, -1, -1, 0, 0, 0, 0, 0, 0, 0, 0, 0, 0, 0, 0, 0, 0, 0, 0, 0, 0, 0, 0, 0, 0, 0, 0, 0, 0, 0, 0, 0, 0, 0, 0, 6]
[394.57816, 163.0794, 357.2635, 150.64613, -1, -1, 393.56683, 154.47882, -1, -1, 445.23218, 272.13593, 402.2058, 219.50323, 0, 0, 0, 0, 0, 0, 0, 0, 0, 0, 0, 0, 0, 0, 0, 0, 0, 0, 0, 0, 0, 0, 0, 0, 0, 0, 0, 0, 0, 0, 0, 0, 12]
[546.563, 141.11362, -1, -1, 608.76917, 156.43175, 552.32465, 126.76675, 562.83795, 133.39359, 498.78174, 349.6026, -1, -1, 0, 0, 0, 0, 0, 0, 0, 0, 0, 1, 0, 0, 0, 0, 0, 0, 0, 0, 0, 0, 0, 0, 1, 0, 0, 0, 0, 0, 0, 0, 0, 0, 2]
[555.22076, 96.19005, 493.057, 55.940506, -1, -1, 531.293, 77.000885, 572.4217, 77.009544, 495.9167, 295.0766, 610.69885, 282.64276, 0, 0, 0, 0, 0, 0, 0, 0, 0, 0, 0, 0, 0, 0, 0, 0, 0, 0, 0, 0, 0, 0, 0, 0, 0, 0, 0, 0, 0, 0, 0, 0, 15]
[177.42667, 111.43608, 110.47952, 78.93639, -1, -1, 164.00313, 94.22748, 182.21063, 96.12326, 243.42975, 255.81847, 203.28508, 225.22136, 0, 0, 0, 0, 0, 1, 0, 1, 0, 0, 0, 0, 1, 0, 0, 0, 0, 0, 0, 0, 0, 0, 0, 1, 0, 0, 0, 0, 0, 0, 0, 0, 9]
[114.33033, 42.621418, 64.529755, 41.66364, -1, -1, 102.869156, 33.96368, 111.48221, 32.9902, 33.032394, 298.89206, 103.83759, 217.56944, 0, 0, 0, 0, 0, 0, 0, 0, 0, 0, 0, 0, 0, 0, 0, 0, 0, 0, 0, 0, 0, 0, 0, 0, 0, 0, 0, 0, 0, 0, 0, 0, 7]
[346.71, 209.97624, 337.14185, 216.64128, 311.35532, 224.28592, 342.8766, 208.0259, -1, -1, 393.5369, 302.72064, -1, -1, 0, 0, 0, 0, 0, 0, 0, 0, 0, 0, 1, 0, 0, 1, 0, 0, 0, 0, 0, 0, 0, 0, 0, 0, 0, 0, 0, 0, 0, 0, 0, 0, 6]
[186.97653, 106.67775, 155.4328, 111.44032, -1, -1, 179.33293, 102.8198, 184.1287, 100.9335, 218.58525, 228.13608, 213.7886, 211.90115, 0, 0, 1, 0, 0, 0, 1, 0, 0, 0, 0, 0, 0, 0, 0, 0, 0, 0, 0, 0, 0, 0, 0, 0, 0, 0, 0, 0, 0, 0, 0, 0, 7]
[120.0337, 45.466797, 73.18334, 46.397156, -1, -1, 110.43619, 36.843433, 118.12198, 34.95448, 65.51146, 290.30237, 136.30325, 209.9061, 0, 0, 0, 0, 0, 0, 0, 0, 0, 0, 0, 0, 0, 0, 0, 0, 0, 0, 0, 0, 0, 0, 0, 0, 0, 0, 0, 0, 0, 0, 0, 0, 7]
[546.6411, 60.73822, -1, -1, 608.76764, 64.616875, 554.26245, 49.22768, 562.8928, 49.26214, 527.4878, 273.05692, -1, -1, 0, 0, 0, 0, 0, 0, 0, 0, 0, 1, 0, 0, 0, 0, 0, 0, 0, 0, 0, 0, 0, 0, 1, 0, 0, 0, 0, 0, 1, 0, 0, 0, 0]
[408.84192, 93.28737, -1, -1, 479.658, 73.147766, 385.9329, 79.87415, 428.95193, 64.5259, 339.05627, 324.72314, -1, -1, 0, 0, 0, 0, 0, 0, 0, 0, 0, 0, 0, 0, 0, 0, 0, 0, 0, 0, 0, 0, 0, 0, 0, 0, 0, 0, 0, 0, 0, 0, 0, 0, 3]
[370.6166, 204.21242, 296.02344, 212.83699, -1, -1, 344.78894, 193.6658, 372.53363, 187.00995, -1, -1, 515.05084, 210.93582, 0, 0, 0, 0, 0, 0, 0, 0, 0, 0, 0, 0, 0, 0, 0, 0, 0, 0, 0, 0, 0, 0, 0, 0, 0, 0, 0, 0, 0, 0, 0, 0, 13]
[529.37225, 126.79212, 500.65482, 88.47112, 573.3929, 94.21354, 516.0339, 109.51346, 550.4405, 111.47281, 387.83875, 281.68146, 553.30414, 310.4144, 0, 0, 0, 0, 0, 0, 0, 0, 0, 1, 0, 1, 0, 0, 0, 0, 0, 0, 0, 0, 0, 0, 0, 0, 0, 0, 0, 0, 0, 0, 0, 0, 14]
[125.73507, 28.257174, 90.39976, 17.70215, -1, -1, 118.159546, 19.627634, 125.80839, 19.672577, 87.52513, 162.11823, 95.21414, 150.68002, 0, 0, 0, 0, 0, 0, 0, 0, 0, 0, 0, 0, 0, 0, 0, 0, 0, 0, 0, 0, 0, 0, 0, 0, 0, 0, 0, 0, 0, 0, 0, 0, 13]
[90.41411, 128.65736, 39.705753, 126.77199, -1, -1, 77.00088, 119.12956, 88.538, 118.16381, 104.755585, 311.3465, 125.77301, 296.0534, 0, 0, 0, 0, 0, 0, 0, 0, 0, 0, 0, 0, 0, 0, 0, 0, 0, 0, 0, 0, 0, 0, 0, 0, 0, 0, 0, 0, 0, 0, 0, 0, 7]
[300.7779, 169.7948, 239.5757, 148.69777, -1, -1, 287.39792, 153.53136, 301.79523, 153.5318, 365.84616, 336.18512, 341.01404, 273.06488, 0, 0, 0, 0, 0, 0, 0, 0, 0, 0, 0, 0, 0, 0, 0, 0, 0, 0, 0, 0, 0, 0, 0, 0, 0, 0, 0, 0, 0, 0, 0, 0, 14]
[64.5355, 133.41916, 11.00967, 134.409, -1, -1, 50.221687, 125.7358, 62.67924, 121.94952, -1, -1, 103.76801, 296.0549, 0, 0, 0, 0, 0, 0, 1, 0, 0, 0, 0, 0, 0, 0, 0, 0, 0, 0, 0, 0, 0, 0, 0, 0, 0, 1, 0, 0, 0, 0, 0, 0, 6]
[491.13678, 132.47981, 485.4207, 128.66571, 507.37247, 132.48009, 488.25906, 126.71631, 494.97028, 126.76192, -1, -1, -1, -1, 0, 0, 0, 0, 0, 0, 0, 0, 0, 0, 0, 0, 0, 0, 0, 0, 0, 0, 0, 0, 0, 0, 0, 0, 0, 0, 0, 0, 0, 0, 0, 0, 7]
[512.1913, 70.31306, -1, -1, 585.806, 65.53712, 516.01416, 56.875404, 531.31616, 56.962284, 340.98447, 127.68407, 371.62286, 211.8782, 0, 0, 0, 0, 0, 0, 0, 0, 0, 0, 0, 0, 0, 0, 0, 0, 0, 0, 0, 0, 0, 0, 0, 0, 0, 0, 0, 0, 0, 0, 0, 0, 3]
[408.89868, 86.594055, 494.03482, 104.75731, 434.73007, 90.39663, -1, -1, 411.76715, 77.0231, -1, -1, 388.79327, 349.60608, 0, 0, 0, 0, 0, 0, 0, 0, 0, 0, 0, 0, 1, 0, 0, 0, 0, 0, 0, 0, 0, 0, 0, 0, 0, 0, 0, 0, 0, 0, 0, 0, 0]
[456.7183, 77.95022, -1, -1, 516.95123, 57.91105, 456.71716, 64.60517, 470.1101, 58.863327, 338.1044, 134.39258, 340.00467, 173.60217, 0, 0, 0, 0, 0, 0, 0, 0, 0, 0, 1, 0, 0, 0, 0, 0, 0, 0, 0, 0, 0, 0, 0, 0, 0, 0, 0, 0, 0, 0, 0, 0, 3]
[156.39612, 145.86948, 129.60236, 134.41904, -1, -1, 150.66153, 138.23137, 157.34076, 140.11212, 58.86423, 255.84837, 93.265564, 240.55551, 0, 0, 0, 0, 0, 0, 0, 0, 0, 0, 0, 1, 0, 0, 0, 0, 0, 0, 0, 0, 0, 0, 0, 0, 0, 0, 0, 0, 0, 0, 0, 0, 14]
[168.82867, 99.024055, -1, -1, 197.50812, 86.572685, -1, -1, 171.66257, 87.49345, 141.10318, 164.08241, 64.59712, 180.30206, 0, 0, 1, 0, 0, 0, 0, 0, 0, 0, 0, 0, 0, 0, 0, 0, 0, 0, 0, 0, 0, 0, 0, 0, 0, 0, 0, 0, 0, 0, 0, 0, 2]
[399.33038, 57.91969, -1, -1, 436.6222, 42.63195, 393.58228, 48.336052, 409.8009, 49.26982, 337.1669, 138.23499, 425.18317, 139.17216, 0, 0, 0, 0, 0, 0, 0, 0, 0, 0, 0, 0, 0, 0, 0, 0, 0, 0, 1, 0, 0, 0, 0, 0, 0, 0, 0, 0, 0, 0, 0, 0, 6]
[406.00888, 87.50843, 363.94504, 47.36008, -1, -1, 402.2196, 72.22834, 410.81284, 77.950935, 366.79855, 241.565, 457.64752, 218.60036, 0, 0, 0, 0, 0, 0, 0, 0, 0, 0, 0, 0, 0, 0, 1, 0, 0, 0, 0, 0, 0, 0, 0, 0, 0, 0, 0, 0, 0, 0, 0, 0, 12]
[255.90071, 78.90532, -1, -1, 335.25168, 69.36294, 256.85446, 60.75037, 278.77448, 58.86623, -1, -1, 120.05258, 227.19693, 0, 0, 0, 0, 0, 0, 0, 0, 1, 0, 0, 0, 0, 0, 0, 0, 0, 0, 0, 0, 0, 0, 0, 0, 0, 0, 0, 0, 0, 0, 0, 0, 2]
[277.87146, 74.16819, -1, -1, 318.0097, 56.95329, 275.00412, 64.60041, 283.59363, 64.52894, 211.87024, 137.25374, 225.2318, 181.26021, 0, 0, 0, 0, 0, 0, 0, 0, 0, 0, 0, 0, 0, 0, 0, 1, 0, 0, 0, 0, 0, 0, 0, 0, 0, 0, 0, 0, 0, 0, 0, 0, 3]
[186.03682, 95.126564, 156.39838, 96.13168, -1, -1, 177.43344, 88.46505, 184.12863, 87.521095, 194.62024, 216.62903, 194.6076, 200.36658, 0, 0, 0, 0, 0, 0, 0, 0, 0, 0, 0, 0, 0, 0, 0, 0, 0, 0, 0, 0, 0, 0, 0, 0, 1, 0, 0, 0, 0, 0, 0, 0, 7]
[169.77298, 64.57191, 135.3583, 41.589344, -1, -1, 161.17677, 55.935577, 174.55151, 56.873802, 140.13092, 135.36717, 210.93294, 134.42627, 0, 0, 0, 0, 0, 0, 0, 0, 0, 0, 0, 0, 0, 0, 0, 0, 0, 0, 0, 0, 0, 0, 0, 0, 0, 0, 0, 0, 0, 0, 0, 0, 3]
[231.95135, 121.973495, 194.60426, 95.20292, -1, -1, 231.9617, 109.54065, -1, -1, 276.91696, 270.21408, 221.42542, 187.96075, 0, 1, 0, 0, 0, 0, 0, 0, 0, 0, 0, 0, 0, 0, 0, 0, 0, 0, 0, 0, 0, 0, 0, 0, 0, 0, 0, 0, 0, 0, 0, 0, 9]
[132.47235, 174.58675, 87.504074, 134.40614, -1, -1, 121.01065, 161.16414, 141.10646, 165.02237, 131.53311, 297.93997, 169.77794, 250.14925, 0, 0, 0, 0, 0, 0, 0, 0, 0, 0, 0, 0, 0, 0, 0, 0, 0, 0, 0, 0, 0, 0, 0, 0, 0, 0, 0, 0, 0, 0, 0, 0, 11]
[271.13446, 138.22513, 260.63547, 143.03091, 240.52737, 149.72635, 268.29462, 134.43794, -1, -1, 304.62277, 246.27121, -1, -1, 0, 0, 0, 0, 0, 0, 0, 0, 1, 1, 0, 0, 0, 1, 0, 0, 0, 0, 0, 0, 0, 0, 0, 0, 0, 0, 0, 0, 0, 1, 0, 0, 6]
[515.0559, 65.58962, -1, -1, 573.382, 80.86691, -1, -1, 527.49805, 57.870415, 463.39572, 269.2505, 449.07346, 289.33737, 0, 0, 0, 1, 0, 0, 0, 0, 0, 0, 0, 0, 0, 0, 0, 0, 0, 0, 0, 0, 1, 0, 0, 0, 0, 0, 0, 0, 0, 0, 0, 0, 0]
[378.26416, 52.144184, -1, -1, 409.8269, 30.1556, 368.71732, 41.664036, 386.8928, 41.662045, 324.72476, 134.43411, 417.51785, 136.30898, 0, 0, 0, 0, 0, 0, 0, 0, 0, 1, 0, 0, 0, 0, 0, 0, 0, 0, 0, 0, 0, 0, 0, 0, 0, 0, 0, 0, 0, 0, 0, 0, 6]
[271.1743, 94.23837, -1, -1, 354.34982, 82.75959, 272.0937, 75.1156, 294.07697, 73.230484, -1, -1, 134.39017, 247.23485, 0, 0, 0, 0, 0, 0, 0, 0, 1, 0, 0, 0, 0, 0, 0, 0, 0, 0, 0, 0, 0, 0, 0, 0, 0, 0, 0, 0, 0, 0, 0, 0, 2]
[156.3745, 87.519585, -1, -1, 213.78067, 49.265152, 150.66142, 71.26175, 159.25989, 64.61706, 112.390045, 211.88733, 120.072525, 260.62903, 0, 0, 0, 0, 0, 0, 0, 0, 0, 0, 0, 0, 0, 0, 0, 0, 0, 0, 0, 0, 0, 0, 0, 0, 0, 0, 0, 0, 0, 0, 0, 0, 8]
[253.95148, 72.204124, -1, -1, 333.35532, 64.56512, 256.79822, 52.161472, 273.1028, 54.039, -1, -1, 117.18821, 219.51593, 0, 0, 0, 0, 0, 0, 0, 0, 1, 0, 0, 0, 0, 0, 0, 0, 0, 0, 0, 0, 0, 0, 0, 0, 0, 0, 0, 0, 0, 0, 0, 0, 2]
[461.47125, 176.47758, -1, -1, 480.6021, 150.64282, -1, -1, 456.71198, 165.01074, 503.55646, 256.83228, 464.38696, 297.95404, 0, 0, 0, 0, 0, 0, 1, 0, 0, 0, 0, 0, 0, 0, 0, 0, 0, 0, 0, 0, 0, 0, 0, 1, 0, 0, 0, 0, 0, 0, 0, 0, 12]
[133.40494, 133.3901, 79.91183, 134.39407, -1, -1, 119.05374, 124.81575, 127.68948, 121.02145, 111.490875, 202.28554, -1, -1, 0, 0, 0, 0, 0, 0, 0, 0, 0, 0, 0, 0, 0, 0, 0, 0, 0, 0, 0, 0, 0, 0, 0, 0, 0, 0, 0, 0, 0, 0, 0, 0, 7]
[173.61835, 34.976883, 143.97234, 26.29068, -1, -1, 168.82599, 27.291088, 174.58392, 28.244345, 134.37276, 158.3261, 142.03374, 147.7668, 0, 0, 0, 0, 0, 0, 0, 0, 0, 0, 0, 0, 0, 0, 0, 0, 0, 0, 0, 0, 0, 0, 0, 0, 0, 0, 0, 0, 0, 0, 0, 0, 13]
[195.62749, 59.81141, 181.25294, 41.61035, 227.17804, 50.188488, 188.93307, 49.268177, 209.92496, 55.00561, 119.0856, 134.38321, 208.96461, 148.71053, 0, 0, 0, 0, 0, 0, 0, 0, 0, 0, 0, 0, 0, 0, 0, 0, 0, 0, 0, 0, 0, 0, 0, 0, 0, 0, 0, 0, 0, 0, 0, 0, 2]
[365.8337, 133.38737, 338.10324, 131.53806, -1, -1, 362.92197, 125.75737, -1, -1, 446.1667, 226.24136, 410.81354, 217.57289, 0, 0, 0, 0, 0, 0, 0, 0, 0, 0, 0, 0, 0, 0, 0, 0, 0, 0, 0, 0, 0, 0, 0, 0, 0, 0, 0, 0, 0, 0, 0, 0, 12]
[317.04666, 211.85287, 294.1275, 195.60257, 343.85156, 190.82047, 304.63113, 202.25194, 325.68805, 200.37663, 265.41788, 331.3944, 390.72327, 303.68155, 0, 0, 0, 0, 0, 0, 0, 0, 0, 0, 0, 0, 0, 0, 0, 0, 0, 0, 0, 0, 0, 0, 0, 0, 0, 0, 0, 0, 0, 0, 0, 0, 12]
[298.88138, 77.00755, 249.12732, 78.887726, -1, -1, 287.43228, 65.57118, -1, -1, 422.26895, 141.1007, 358.19797, 128.6606, 0, 0, 0, 0, 0, 0, 0, 0, 0, 0, 0, 0, 0, 0, 0, 0, 0, 0, 0, 0, 0, 0, 0, 0, 0, 0, 0, 0, 0, 0, 0, 0, 6]
[147.75981, 139.16214, 111.48144, 141.0713, -1, -1, 137.27757, 133.38773, 143.01096, 131.51001, 171.67604, 259.69772, 171.6694, 245.35448, 0, 0, 0, 0, 0, 0, 0, 0, 0, 0, 0, 0, 1, 0, 0, 0, 0, 0, 0, 0, 0, 0, 0, 0, 0, 0, 0, 0, 0, 0, 0, 0, 6]
[270.2209, 117.15445, -1, -1, 356.3198, 108.54923, 271.16608, 96.18937, 294.12796, 96.178795, -1, -1, 125.78161, 277.86493, 0, 0, 0, 0, 0, 0, 0, 0, 1, 0, 0, 0, 0, 0, 0, 0, 0, 0, 0, 0, 0, 0, 0, 0, 0, 0, 0, 0, 0, 0, 0, 0, 2]
[142.09645, 197.50941, 108.58222, 187.94017, -1, -1, 137.27553, 189.86882, 143.03279, 190.80481, 158.3252, 287.3824, 165.0023, 263.52408, 0, 0, 0, 0, 0, 0, 0, 0, 0, 1, 0, 0, 0, 0, 0, 0, 0, 0, 0, 0, 0, 0, 0, 0, 0, 0, 0, 0, 0, 0, 0, 0, 9]
[186.95055, 31.120382, 164.0865, 12.015218, -1, -1, 186.00647, 22.506233, 188.8992, 26.358715, 74.14236, 138.20686, -1, -1, 0, 0, 0, 0, 0, 0, 0, 0, 0, 0, 0, 0, 0, 0, 0, 0, 0, 0, 0, 0, 0, 0, 0, 0, 0, 0, 0, 0, 0, 0, 0, 0, 12]
[380.2091, 153.52211, 341.92786, 124.82824, 474.87546, 131.51308, 362.98224, 122.91496, 417.453, 124.81831, -1, -1, -1, -1, 0, 0, 0, 0, 0, 0, 0, 0, 0, 0, 0, 0, 0, 0, 0, 0, 0, 0, 0, 0, 0, 0, 0, 0, 0, 0, 0, 0, 0, 0, 0, 0, 9]
[296.01715, 79.88737, 254.9123, 41.650665, -1, -1, 283.58945, 64.52915, 307.51483, 67.431984, 249.14915, 201.31894, 320.88675, 201.3333, 0, 0, 0, 0, 0, 0, 0, 0, 0, 0, 0, 0, 0, 0, 0, 0, 0, 0, 0, 0, 0, 0, 0, 0, 0, 0, 0, 0, 0, 0, 0, 0, 12]
[294.1504, 72.249626, 240.52055, 71.27956, -1, -1, 282.6375, 62.66212, 294.05917, 57.928158, 407.93274, 179.3198, 365.84482, 134.41885, 0, 0, 0, 0, 0, 0, 0, 0, 0, 0, 0, 0, 0, 0, 0, 0, 0, 0, 0, 0, 0, 0, 0, 0, 0, 0, 0, 0, 0, 0, 0, 0, 6]
[135.35947, 124.79434, 70.30804, 88.45797, -1, -1, 126.72057, 103.79468, 141.04587, 107.598564, 157.34137, 310.35944, 210.91055, 241.55415, 0, 0, 0, 0, 0, 0, 0, 0, 0, 0, 0, 0, 0, 0, 0, 0, 0, 0, 0, 0, 0, 0, 0, 0, 0, 0, 0, 0, 0, 0, 0, 0, 9]
[180.34132, 68.41387, 150.64233, 66.48809, -1, -1, 172.68034, 63.624245, 180.29599, 62.66499, 170.73827, 190.80826, 176.48509, 179.34207, 0, 0, 1, 0, 0, 0, 0, 0, 0, 0, 0, 0, 0, 0, 0, 0, 0, 0, 1, 0, 0, 0, 0, 0, 0, 0, 0, 0, 0, 0, 0, 0, 7]
[65.4994, 126.72694, 34.892918, 133.43427, -1, -1, 56.89072, 122.93223, 63.610493, 119.14584, 95.18199, 247.24098, 96.18749, 231.95917, 0, 0, 0, 0, 0, 0, 0, 0, 0, 0, 0, 0, 0, 0, 0, 0, 0, 0, 0, 0, 0, 0, 0, 0, 0, 0, 0, 0, 0, 0, 0, 0, 6]
[515.9745, 72.1955, -1, -1, 571.50726, 87.50376, 517.9256, 56.969936, 530.31464, 64.58905, 459.56116, 271.19415, 444.27847, 294.147, 0, 0, 0, 1, 0, 0, 0, 0, 0, 0, 0, 0, 0, 0, 0, 0, 0, 0, 0, 0, 1, 0, 0, 0, 0, 0, 0, 0, 0, 0, 0, 0, 0]
[230.99588, 167.8674, 224.27284, 164.98613, 241.51367, 164.994, 226.25996, 164.03664, 233.84866, 164.04097, 225.25568, 241.53984, 251.08295, 246.29794, 0, 0, 0, 0, 0, 0, 0, 0, 0, 0, 0, 0, 0, 0, 0, 0, 0, 0, 0, 0, 0, 0, 0, 0, 0, 0, 0, 0, 0, 0, 0, 0, 9]
[264.45187, 130.58263, -1, -1, 309.435, 103.82453, 249.18636, 113.35614, 278.83102, 112.4175, 156.41785, 281.69608, 285.5033, 297.9474, 0, 0, 0, 0, 0, 0, 0, 0, 0, 0, 0, 0, 0, 0, 0, 0, 0, 0, 0, 0, 0, 0, 0, 0, 0, 0, 0, 0, 0, 0, 0, 0, 11]
[139.16849, 180.35399, 102.802284, 166.93417, -1, -1, 132.47665, 172.67441, 141.09937, 172.69942, 142.05637, 270.19577, 166.91466, 241.5441, 0, 0, 0, 0, 0, 0, 0, 0, 0, 0, 0, 0, 0, 0, 0, 0, 0, 0, 0, 0, 0, 0, 0, 0, 0, 0, 0, 0, 0, 0, 0, 0, 9]
[193.65813, 234.85527, 142.09186, 243.42462, -1, -1, 180.32536, 230.04927, 187.92049, 226.18655, -1, -1, 194.60863, 303.70004, 0, 0, 0, 0, 0, 0, 0, 0, 0, 0, 0, 0, 0, 0, 0, 0, 0, 0, 0, 0, 0, 0, 0, 0, 0, 0, 0, 0, 0, 0, 0, 0, 13]
[177.44083, 53.09172, 147.78287, 49.222282, -1, -1, 170.73543, 48.279858, 177.44357, 46.406834, 149.72595, 178.37584, 156.3798, 165.01962, 0, 0, 0, 0, 0, 0, 0, 0, 0, 0, 0, 0, 0, 0, 0, 0, 0, 0, 0, 0, 0, 0, 0, 0, 0, 0, 0, 0, 0, 0, 0, 0, 13]
[311.3262, 101.88371, 269.26437, 77.95019, 384.02704, 77.97485, 287.43948, 73.18721, 340.96964, 72.22569, -1, -1, -1, -1, 0, 0, 0, 0, 0, 0, 0, 0, 0, 0, 0, 0, 0, 0, 0, 0, 0, 0, 0, 0, 0, 0, 0, 0, 0, 0, 0, 0, 0, 0, 0, 0, 9]
[134.43073, 41.66162, -1, -1, -1, -1, 128.67178, 32.99205, 137.25537, 25.375935, 101.88342, 165.97937, 149.72635, 188.00261, 0, 0, 0, 0, 0, 0, 0, 0, 0, 0, 0, 0, 0, 1, 0, 0, 0, 0, 0, 0, 0, 0, 0, 0, 0, 0, 0, 0, 0, 0, 0, 0, 2]
[120.06234, 239.57227, 77.96258, 252.05237, -1, -1, 109.53805, 233.90817, 117.1847, 230.05037, -1, -1, 178.40364, 349.6025, 0, 0, 0, 0, 0, 0, 2, 0, 0, 0, 0, 0, 1, 0, 0, 0, 0, 0, 0, 0, 0, 0, 0, 0, 0, 0, 0, 0, 0, 0, 0, 0, 7]
[232.86282, 73.166306, -1, -1, 272.0849, 56.928288, 231.00667, 62.65821, 238.64597, 60.736465, 168.82607, 128.68112, 172.63646, 179.30214, 0, 0, 0, 0, 0, 0, 0, 0, 0, 0, 0, 0, 0, 0, 0, 0, 0, 0, 0, 0, 0, 0, 0, 0, 0, 0, 0, 0, 0, 0, 0, 1, 2]
[324.6949, 139.18759, 317.01477, 140.14633, 294.09164, 142.04855, 323.74707, 134.39471, -1, -1, 346.70752, 258.71625, -1, -1, 0, 0, 0, 0, 0, 0, 0, 0, 0, 0, 0, 0, 0, 1, 0, 0, 0, 0, 0, 0, 0, 0, 0, 0, 0, 0, 1, 0, 0, 0, 0, 0, 6]
[294.1043, 164.03285, 201.32527, 164.06319, -1, -1, 276.9071, 143.02133, 288.37286, 141.0785, -1, -1, 404.10168, 313.2367, 0, 0, 0, 0, 0, 0, 0, 0, 0, 0, 0, 0, 0, 0, 0, 0, 0, 0, 0, 0, 0, 0, 0, 0, 0, 0, 0, 0, 0, 0, 0, 0, 13]
[528.425, 145.85582, -1, -1, 594.43134, 156.3803, 536.0833, 131.53908, 547.5496, 135.3726, 402.16217, 140.14333, 397.417, 195.6409, 0, 0, 0, 0, 0, 0, 0, 0, 0, 0, 1, 0, 0, 0, 0, 0, 0, 0, 0, 0, 0, 0, 0, 0, 0, 0, 0, 0, 0, 0, 0, 0, 6]
[157.32031, 25.362255, 104.76527, 23.443483, -1, -1, 141.08733, 12.037814, 156.41913, 12.0175295, 139.16748, 233.87173, 171.6764, 203.27599, 0, 0, 0, 0, 0, 0, 0, 0, 0, 0, 0, 0, 0, 1, 0, 0, 0, 0, 0, 0, 0, 0, 0, 0, 0, 0, 0, 0, 0, 0, 0, 0, 6]
[173.60417, 213.77849, 165.96974, 209.9807, 182.23438, 210.88164, 171.68474, 209.96742, 178.38689, 209.96536, 156.39806, 299.8378, 202.30211, 293.1574, 0, 0, 0, 0, 0, 0, 0, 0, 0, 0, 0, 0, 0, 0, 0, 0, 0, 0, 0, 0, 0, 0, 0, 0, 0, 0, 0, 0, 0, 0, 0, 0, 9]
[361.98636, 195.58594, 333.33267, 165.03079, -1, -1, 361.98688, 185.09503, 363.97418, 187.95929, 376.3757, 303.6754, 357.24728, 273.0773, 0, 0, 0, 0, 0, 0, 0, 0, 0, 0, 0, 0, 0, 0, 0, 0, 0, 0, 0, 0, 0, 0, 0, 0, 0, 0, 0, 0, 0, 0, 0, 0, 14]
[181.30115, 104.75664, 156.4123, 112.41915, -1, -1, 177.42778, 101.868805, -1, -1, 88.48672, 293.14957, 156.37347, 219.50069, 0, 0, 1, 0, 0, 0, 2, 0, 0, 0, 0, 0, 0, 0, 0, 1, 0, 0, 0, 0, 0, 0, 0, 0, 0, 0, 0, 0, 0, 0, 0, 0, 6]
[217.5513, 106.67299, 187.99298, 96.185974, -1, -1, 211.86124, 96.17635, -1, -1, 291.25864, 184.1339, 237.69989, 173.62213, 0, 0, 0, 0, 0, 0, 0, 1, 0, 0, 0, 0, 0, 0, 0, 0, 0, 0, 0, 0, 0, 0, 0, 0, 0, 0, 0, 0, 0, 0, 0, 0, 3]
[183.19075, 78.93837, 81.81856, 72.22265, -1, -1, 153.521, 57.913776, 187.01022, 54.07134, -1, -1, 350.54294, 254.90578, 0, 0, 0, 0, 0, 0, 0, 0, 0, 0, 0, 0, 0, 0, 0, 0, 0, 0, 0, 0, 0, 0, 0, 1, 0, 0, 0, 0, 0, 0, 0, 0, 6]
[157.33005, 215.68956, 148.75713, 210.95035, 166.91422, 211.84932, 154.46642, 210.86908, 160.23918, 210.8948, 137.25522, 295.0648, 184.13881, 296.03006, 0, 0, 0, 0, 0, 0, 0, 0, 0, 0, 0, 0, 0, 0, 0, 0, 0, 0, 0, 0, 0, 0, 0, 0, 0, 0, 0, 0, 0, 0, 0, 0, 9]
[103.77727, 125.742, 50.22297, 128.67531, -1, -1, 88.4851, 117.17331, 98.99701, 115.25886, 104.754234, 255.8851, 111.41755, 292.18826, 0, 0, 0, 0, 0, 0, 0, 0, 0, 0, 0, 0, 0, 0, 0, 0, 0, 0, 0, 0, 0, 0, 0, 0, 0, 0, 0, 0, 0, 0, 0, 0, 7]
[164.06839, 75.09869, -1, -1, 224.29642, 56.93613, 159.25931, 63.608814, 174.57355, 59.79146, 56.93204, 169.76097, 131.52411, 241.51103, 0, 0, 0, 0, 0, 0, 0, 0, 0, 0, 0, 0, 0, 0, 0, 0, 0, 0, 0, 0, 0, 0, 0, 0, 0, 0, 0, 0, 0, 1, 0, 0, 8]
[195.61475, 134.40143, -1, -1, 245.35054, 97.12098, 188.89859, 120.999245, 202.32027, 116.22413, 120.99655, 253.93764, 203.28703, 296.06415, 0, 0, 0, 0, 0, 0, 0, 0, 0, 0, 0, 0, 0, 0, 0, 0, 0, 0, 0, 0, 0, 0, 0, 0, 0, 0, 0, 0, 0, 0, 0, 0, 10]
[304.6233, 172.64207, 209.00372, 177.41188, -1, -1, 286.49158, 156.41301, 301.72238, 155.41287, -1, -1, 420.3746, 325.68094, 0, 0, 0, 0, 0, 0, 0, 0, 0, 0, 0, 0, 0, 0, 0, 0, 0, 0, 0, 0, 0, 0, 0, 0, 0, 0, 0, 0, 0, 0, 0, 0, 13]
[320.90176, 127.71201, 315.15033, 125.78422, 292.2016, 126.782845, 320.8988, 123.86025, -1, -1, 336.20007, 251.07156, -1, -1, 0, 0, 0, 0, 0, 0, 0, 0, 0, 0, 0, 0, 0, 0, 0, 1, 0, 0, 0, 0, 0, 0, 0, 0, 0, 0, 0, 0, 0, 0, 0, 0, 6]
[517.9271, 142.03821, -1, -1, 576.25244, 141.04436, 522.69745, 128.6708, 531.2999, 131.53925, 570.50323, 339.04123, -1, -1, 0, 0, 0, 0, 0, 0, 0, 0, 0, 1, 0, 0, 0, 0, 0, 0, 0, 0, 0, 0, 0, 0, 0, 0, 0, 0, 0, 0, 1, 0, 0, 0, 2]
[134.41156, 103.75247, 99.00311, 107.61073, -1, -1, 125.81478, 97.08123, 133.4542, 96.1514, 164.06253, 205.1666, 143.97694, 194.62466, 0, 0, 0, 0, 0, 0, 1, 0, 0, 0, 0, 0, 0, 0, 0, 0, 0, 0, 0, 0, 0, 0, 0, 0, 0, 0, 0, 0, 0, 0, 0, 0, 1]
[522.66394, 108.57169, -1, -1, 584.83234, 127.74073, 526.53125, 96.16682, 544.6937, 103.78189, 363.90442, 88.466385, 362.99466, 164.99509, 0, 0, 0, 0, 0, 0, 0, 0, 0, 0, 0, 1, 0, 0, 0, 0, 0, 0, 0, 0, 0, 0, 0, 0, 0, 0, 0, 0, 0, 0, 0, 0, 4]
[159.27618, 110.45137, 125.73663, 110.47981, -1, -1, 150.65695, 102.81584, 157.32568, 102.78231, 197.53873, 227.15273, 185.07306, 209.90591, 0, 0, 1, 0, 0, 0, 1, 0, 0, 0, 0, 0, 0, 0, 0, 0, 0, 0, 0, 0, 0, 0, 0, 0, 0, 0, 0, 0, 0, 0, 0, 0, 7]
[160.21327, 26.34471, 110.46254, 25.356318, -1, -1, 145.86229, 15.796154, 161.18884, 12.945923, 138.20938, 234.81265, 172.66396, 203.28694, 0, 0, 0, 0, 0, 0, 0, 0, 0, 0, 0, 0, 0, 1, 0, 0, 0, 0, 0, 0, 0, 0, 0, 0, 0, 0, 0, 0, 0, 0, 0, 0, 6]
[179.29723, 61.706844, 142.04678, 61.721416, -1, -1, 164.06393, 56.88996, 180.28966, 49.31121, 199.44298, 148.73007, -1, -1, 0, 0, 0, 0, 0, 0, 0, 0, 0, 0, 0, 0, 0, 0, 0, 0, 0, 0, 0, 0, 0, 0, 0, 0, 0, 0, 0, 0, 0, 0, 0, 0, 3]
[316.09473, 85.593056, 255.88153, 71.25441, -1, -1, 301.78055, 72.23562, 316.08362, 70.2897, 386.88855, 233.87347, 392.5987, 166.9315, 0, 0, 0, 0, 0, 0, 0, 0, 0, 0, 0, 0, 0, 0, 0, 0, 0, 0, 0, 0, 0, 0, 0, 0, 0, 0, 0, 0, 0, 0, 0, 0, 12]
[421.30756, 169.76471, -1, -1, 467.20682, 140.10065, 416.55457, 156.40437, 425.16095, 151.5956, 324.7112, 269.2534, 340.02344, 294.11725, 0, 0, 0, 0, 0, 0, 0, 0, 0, 0, 1, 0, 0, 0, 0, 0, 0, 0, 0, 0, 0, 0, 0, 0, 0, 0, 0, 0, 0, 0, 0, 0, 9]
[150.66893, 140.1245, 117.19565, 141.05423, -1, -1, 142.0793, 133.4217, 148.78079, 133.37871, 172.64326, 260.63992, 172.62717, 247.2132, 0, 0, 0, 0, 0, 0, 0, 0, 0, 0, 0, 0, 1, 0, 0, 0, 0, 0, 0, 0, 0, 0, 0, 0, 0, 0, 0, 0, 0, 0, 0, 0, 6]
[311.35986, 100.91572, 270.1773, 74.143555, 384.963, 78.89435, 288.3897, 72.211945, 341.01572, 72.2383, -1, -1, -1, -1, 0, 0, 0, 0, 0, 0, 0, 0, 0, 0, 0, 0, 0, 0, 0, 0, 0, 0, 0, 0, 0, 0, 0, 0, 0, 0, 0, 0, 0, 0, 0, 0, 9]
[324.69443, 134.43185, 270.22028, 110.52031, -1, -1, 305.60825, 119.125015, 334.2847, 117.17441, 277.8662, 323.77878, 424.16913, 280.75366, 0, 0, 0, 0, 0, 0, 0, 0, 0, 0, 0, 0, 0, 0, 0, 0, 0, 0, 0, 0, 0, 0, 0, 0, 0, 0, 0, 0, 0, 0, 0, 0, 14]
[135.3509, 155.40668, 109.51591, 147.79208, -1, -1, 131.51567, 148.69208, 136.29123, 148.72116, 88.48047, 261.5974, 96.15877, 239.61331, 0, 0, 0, 0, 0, 0, 0, 0, 0, 0, 0, 0, 0, 0, 0, 0, 0, 0, 0, 0, 0, 0, 0, 0, 0, 0, 0, 0, 0, 0, 0, 0, 14]
[362.98923, 103.84153, 333.37735, 88.53202, 386.8418, 94.24242, 351.5068, 94.18684, 373.50635, 95.124176, 324.7373, 194.65659, 444.2704, 188.93521, 0, 0, 0, 0, 0, 0, 0, 0, 0, 0, 0, 0, 0, 0, 0, 0, 0, 0, 0, 0, 0, 0, 0, 0, 0, 0, 0, 0, 0, 0, 0, 0, 6]
[148.76712, 97.11315, -1, -1, 185.08223, 86.5472, -1, -1, 153.52043, 86.55168, 120.05754, 170.73453, 49.276722, 187.99191, 0, 0, 0, 0, 0, 0, 0, 0, 0, 0, 0, 0, 0, 0, 0, 1, 0, 0, 0, 0, 0, 0, 0, 0, 0, 0, 0, 0, 0, 0, 0, 0, 2]
[470.07996, 136.3032, 456.7003, 134.40755, 480.60355, 136.29724, 466.27563, 129.62225, 475.8351, 132.46254, -1, -1, -1, -1, 0, 0, 0, 0, 0, 0, 0, 0, 0, 0, 0, 0, 0, 0, 0, 0, 0, 0, 0, 0, 0, 0, 0, 0, 0, 0, 0, 0, 0, 0, 0, 0, 6]
